1.692212328830198526e+09 7.736682891845703125e-04 1.676149368286132812e-01
1.692212335081206560e+09 3.137588500976562500e-04 1.069281101226806641e-01
1.692212341212546110e+09 2.422332763671875000e-04 1.811542510986328125e-01
1.692212347488413572e+09 3.540515899658203125e-04 1.573307514190673828e-01
1.692212353667578459e+09 2.593994140625000000e-04 4.547071456909179688e-02
1.692212359751106977e+09 2.729892730712890625e-04 1.049685478210449219e-01
1.692212365910933256e+09 2.141714096069335938e-03 2.026889324188232422e-01
1.692212372233313084e+09 3.452301025390625000e-04 6.351232528686523438e-02
1.692212378369788408e+09 2.737045288085937500e-04 5.438899993896484375e-02
1.692212384462957621e+09 2.791881561279296875e-04 6.282806396484375000e-02
1.692212390569673777e+09 7.288455963134765625e-04 1.058874130249023438e-01
1.692212396713396549e+09 5.893707275390625000e-04 7.755470275878906250e-02
1.692212402889064789e+09 7.667541503906250000e-04 2.066464424133300781e-01
1.692212409129361391e+09 2.436637878417968750e-04 5.555891990661621094e-02
1.692212415261610985e+09 4.858970642089843750e-04 5.323147773742675781e-02
1.692212421362629652e+09 2.300739288330078125e-04 9.991335868835449219e-02
1.692212427509291172e+09 6.325244903564453125e-04 2.193665504455566406e-01
1.692212433851564646e+09 2.529621124267578125e-04 1.355195045471191406e-01
1.692212440041098833e+09 5.116462707519531250e-04 1.311616897583007812e-01
1.692212446237531900e+09 2.520084381103515625e-04 5.377864837646484375e-02
1.692212452359432459e+09 3.533363342285156250e-04 1.226491928100585938e-01
1.692212458538333178e+09 2.863407135009765625e-04 6.009030342102050781e-02
1.692212464666044474e+09 8.115768432617187500e-04 1.772763729095458984e-01
1.692212470902982950e+09 2.386569976806640625e-04 1.321027278900146484e-01
1.692212477037965298e+09 2.384185791015625000e-04 1.342535018920898438e-01
1.692212483243582487e+09 3.910064697265625000e-04 1.208033561706542969e-01
1.692212489443559885e+09 4.870891571044921875e-04 5.925488471984863281e-02
1.692212495579800606e+09 3.726482391357421875e-04 5.772924423217773438e-02
1.692212501666015387e+09 7.541179656982421875e-04 7.173919677734375000e-02
1.692212507779876709e+09 3.194808959960937500e-04 1.259703636169433594e-01
