1.692197573575780630e+09 3.423690795898437500e-04 1.203660964965820312e-01
1.692197579796774149e+09 2.696514129638671875e-04 1.659126281738281250e-01
1.692197585967087746e+09 7.984638214111328125e-04 2.473156452178955078e-01
1.692197592236033916e+09 1.063823699951171875e-03 1.408593654632568359e-01
1.692197598429200649e+09 9.202957153320312500e-04 1.081845760345458984e-01
1.692197604592102766e+09 6.098270416259765625e-03 1.964650154113769531e-01
1.692197610885347605e+09 4.413127899169921875e-04 1.480085849761962891e-01
1.692197617127394915e+09 2.405643463134765625e-04 5.267524719238281250e-02
1.692197623233987808e+09 2.341270446777343750e-04 1.012849807739257812e-01
1.692197629379167318e+09 2.481937408447265625e-04 1.203103065490722656e-01
1.692197635503394842e+09 2.589225769042968750e-04 5.692028999328613281e-02
1.692197641638864279e+09 5.354881286621093750e-04 1.612195968627929688e-01
1.692197647842474937e+09 1.129150390625000000e-03 1.486029624938964844e-01
1.692197654030274868e+09 2.636909484863281250e-04 9.126734733581542969e-02
1.692197660167491913e+09 7.374286651611328125e-04 1.261258125305175781e-01
1.692197666309024572e+09 2.481937408447265625e-04 1.052458286285400391e-01
1.692197672482098579e+09 1.385688781738281250e-03 1.678566932678222656e-01
1.692197678749600887e+09 3.882408142089843750e-03 1.887824535369873047e-01
1.692197684977154493e+09 2.658367156982421875e-04 8.340787887573242188e-02
1.692197691159657955e+09 1.030421257019042969e-02 1.411085128784179688e-01
1.692197697330048084e+09 7.576942443847656250e-04 1.795439720153808594e-01
1.692197703566854715e+09 3.712177276611328125e-04 1.098546981811523438e-01
1.692197709691602945e+09 2.615451812744140625e-04 1.399455070495605469e-01
1.692197715917010784e+09 3.354549407958984375e-04 5.501747131347656250e-02
1.692197722032176256e+09 3.452301025390625000e-04 1.550319194793701172e-01
1.692197728232542276e+09 2.374649047851562500e-04 1.548459529876708984e-01
1.692197734432443857e+09 2.918243408203125000e-04 1.162154674530029297e-01
1.692197740592639923e+09 4.214286804199218750e-03 2.444062232971191406e-01
1.692197746934097528e+09 2.536773681640625000e-04 9.056115150451660156e-02
1.692197753066904306e+09 2.508163452148437500e-04 1.572403907775878906e-01
