1.692261470369018078e+09 3.154277801513671875e-04 1.982111930847167969e-01
1.692261476366265535e+09 3.883838653564453125e-04 1.802861690521240234e-01
1.692261482449148417e+09 2.369880676269531250e-04 2.131223678588867188e-01
1.692261488795664549e+09 3.859996795654296875e-04 8.141684532165527344e-02
1.692261495063559055e+09 2.560615539550781250e-04 6.231808662414550781e-02
1.692261501030230045e+09 7.338523864746093750e-04 3.825566768646240234e-01
1.692261507571304560e+09 6.356239318847656250e-04 1.593978404998779297e-01
1.692261513856555462e+09 1.092195510864257812e-03 2.007970809936523438e-01
1.692261520184965611e+09 1.028776168823242188e-03 1.371839046478271484e-01
1.692261526314824104e+09 3.597736358642578125e-04 2.514503002166748047e-01
1.692261532524553776e+09 9.362697601318359375e-04 1.416444778442382812e-01
1.692261538612320900e+09 3.318786621093750000e-04 1.018540859222412109e-01
1.692261544695210457e+09 2.651214599609375000e-04 5.248594284057617188e-02
1.692261550820595264e+09 8.618831634521484375e-04 1.660623550415039062e-01
1.692261557036364317e+09 3.957748413085937500e-04 1.266775131225585938e-01
1.692261563395233870e+09 1.453781127929687500e-02 1.982269287109375000e-01
1.692261569784634352e+09 3.740787506103515625e-04 2.022635936737060547e-01
1.692261576070873499e+09 9.779930114746093750e-04 1.047186851501464844e-01
1.692261582180383205e+09 2.632141113281250000e-04 1.703727245330810547e-01
1.692261588039934635e+09 3.294944763183593750e-04 1.407122611999511719e-01
1.692261594309762955e+09 6.413459777832031250e-04 2.277410030364990234e-01
1.692261600723467350e+09 3.006458282470703125e-04 1.054096221923828125e-01
1.692261606876804829e+09 9.334087371826171875e-04 1.387317180633544922e-01
1.692261613010831118e+09 3.442764282226562500e-04 5.923080444335937500e-02
1.692261619128249168e+09 3.602504730224609375e-04 6.970691680908203125e-02
1.692261625441713810e+09 3.724098205566406250e-04 1.762652397155761719e-01
1.692261631657534838e+09 2.820491790771484375e-04 1.772329807281494141e-01
1.692261637657582760e+09 3.168582916259765625e-04 1.191196441650390625e-01
1.692261643787941694e+09 1.019477844238281250e-03 1.901133060455322266e-01
1.692261649983310223e+09 1.398563385009765625e-03 2.087461948394775391e-01
