1.692219280752935410e+09 6.728172302246093750e-04 7.614970207214355469e-02
1.692219286930283070e+09 6.089210510253906250e-04 3.113436698913574219e-02
1.692219292985248089e+09 2.877712249755859375e-04 3.592944145202636719e-02
1.692219299088719845e+09 5.495548248291015625e-04 9.900021553039550781e-02
1.692219305256545544e+09 2.112388610839843750e-04 7.538962364196777344e-02
1.692219311434563875e+09 5.290508270263671875e-04 4.497981071472167969e-02
1.692219317498718262e+09 2.388954162597656250e-04 7.231044769287109375e-02
1.692219323626389265e+09 1.137018203735351562e-03 8.402132987976074219e-02
1.692219329766663790e+09 5.702972412109375000e-04 9.848999977111816406e-02
1.692219335953035831e+09 5.207061767578125000e-04 1.084785461425781250e-01
1.692219342162443876e+09 8.535385131835937500e-04 6.691288948059082031e-02
1.692219348319437742e+09 5.335807800292968750e-04 9.099793434143066406e-02
1.692219354445161343e+09 6.253719329833984375e-04 6.285715103149414062e-02
1.692219360517493248e+09 2.684593200683593750e-04 3.908252716064453125e-02
1.692219366591021538e+09 1.845359802246093750e-04 3.756618499755859375e-02
1.692219372690264463e+09 9.813308715820312500e-04 7.778882980346679688e-02
1.692219378845950603e+09 5.731582641601562500e-04 4.496836662292480469e-02
1.692219384899219513e+09 8.151531219482421875e-04 4.837703704833984375e-02
1.692219391004522324e+09 4.959106445312500000e-04 4.477238655090332031e-02
1.692219397098906040e+09 4.625320434570312500e-04 3.476119041442871094e-02
1.692219403189012766e+09 1.950740814208984375e-03 9.323549270629882812e-02
1.692219409363543749e+09 2.083778381347656250e-04 3.002953529357910156e-02
1.692219415481670380e+09 3.863096237182617188e-03 5.998635292053222656e-02
1.692219421615793705e+09 5.595684051513671875e-04 1.137082576751708984e-01
1.692219427769478083e+09 4.167079925537109375e-03 8.417677879333496094e-02
1.692219433957346201e+09 1.133203506469726562e-03 8.067822456359863281e-02
1.692219440137581348e+09 5.266666412353515625e-04 9.529519081115722656e-02
1.692219446249333143e+09 6.377696990966796875e-04 4.855966567993164062e-02
1.692219452303405285e+09 5.152225494384765625e-04 4.316830635070800781e-02
1.692219458397518158e+09 3.933906555175781250e-04 5.239582061767578125e-02
