1.692264405317669153e+09 6.639957427978515625e-04 4.406213760375976562e-02
1.692264411359485149e+09 5.385875701904296875e-04 1.031563282012939453e-01
1.692264417418370008e+09 5.905628204345703125e-04 4.396581649780273438e-02
1.692264423459307671e+09 3.312826156616210938e-03 8.336448669433593750e-02
1.692264429504646540e+09 5.867481231689453125e-04 4.037022590637207031e-02
1.692264435755659342e+09 3.261566162109375000e-04 4.615688323974609375e-02
1.692264441660292149e+09 4.277229309082031250e-04 3.811764717102050781e-02
1.692264447852880955e+09 4.992485046386718750e-04 4.982304573059082031e-02
1.692264453865337849e+09 4.563331604003906250e-04 5.861854553222656250e-02
1.692264459973607779e+09 8.244514465332031250e-04 4.148221015930175781e-02
1.692264466258742094e+09 4.510879516601562500e-04 7.962346076965332031e-02
1.692264472318103075e+09 5.855560302734375000e-04 1.108984947204589844e-01
1.692264478526339293e+09 8.463859558105468750e-04 1.029913425445556641e-01
1.692264484520072937e+09 5.331039428710937500e-04 5.437445640563964844e-02
1.692264490769653320e+09 8.585453033447265625e-04 9.595584869384765625e-02
1.692264496813700914e+09 8.082389831542968750e-04 4.431319236755371094e-02
1.692264503062115431e+09 5.121231079101562500e-04 8.976149559020996094e-02
1.692264509119237900e+09 2.198219299316406250e-04 3.442430496215820312e-02
1.692264515468142748e+09 5.471706390380859375e-04 1.028733253479003906e-01
1.692264521318640947e+09 5.903244018554687500e-04 8.756494522094726562e-02
1.692264527724158525e+09 6.000995635986328125e-04 8.433961868286132812e-02
1.692264533914401054e+09 3.769397735595703125e-04 5.839467048645019531e-02
1.692264539872635603e+09 5.619525909423828125e-04 1.079986095428466797e-01
1.692264545823577166e+09 1.928806304931640625e-04 8.167219161987304688e-02
1.692264552000914097e+09 5.216598510742187500e-04 4.935765266418457031e-02
1.692264558064765453e+09 3.447294235229492188e-03 5.484223365783691406e-02
1.692264564173411846e+09 5.226135253906250000e-04 4.553794860839843750e-02
1.692264570460955381e+09 5.462169647216796875e-04 7.002162933349609375e-02
1.692264576585736036e+09 8.070468902587890625e-04 3.704476356506347656e-02
1.692264582454899311e+09 4.978179931640625000e-04 1.068973541259765625e-01
