1.692218954725190639e+09 1.528501510620117188e-03 9.084391593933105469e-02
1.692218960913578272e+09 4.198551177978515625e-04 1.547286510467529297e-01
1.692218967079135656e+09 4.978179931640625000e-04 1.203961372375488281e-01
1.692218973245836973e+09 1.828193664550781250e-03 1.701107025146484375e-01
1.692218979501065254e+09 3.557205200195312500e-04 6.387209892272949219e-02
1.692218985585600615e+09 2.443790435791015625e-04 2.146408557891845703e-01
1.692218991835438251e+09 4.210472106933593750e-04 1.026468276977539062e-01
1.692218998037203312e+09 8.804798126220703125e-04 1.062698364257812500e-01
1.692219004231092215e+09 2.472400665283203125e-04 1.414206027984619141e-01
1.692219010467200994e+09 2.524852752685546875e-04 5.453634262084960938e-02
1.692219016575182199e+09 2.429962158203125000e-03 9.193730354309082031e-02
1.692219022724024773e+09 3.707408905029296875e-04 1.358494758605957031e-01
1.692219028957559109e+09 2.280950546264648438e-03 1.075201034545898438e-01
1.692219035132823229e+09 3.454685211181640625e-04 1.717193126678466797e-01
1.692219041393280029e+09 1.062393188476562500e-03 1.481227874755859375e-01
1.692219047571643353e+09 7.600784301757812500e-04 1.597247123718261719e-01
1.692219053787283421e+09 2.620220184326171875e-04 1.685676574707031250e-01
1.692219059994327545e+09 2.996921539306640625e-04 1.927225589752197266e-01
1.692219066214475393e+09 1.135826110839843750e-03 1.320183277130126953e-01
1.692219072358557940e+09 2.493858337402343750e-04 9.167122840881347656e-02
1.692219078512770414e+09 2.377033233642578125e-04 1.372334957122802734e-01
1.692219084665015697e+09 1.088857650756835938e-03 1.316695213317871094e-01
1.692219090857231140e+09 2.415180206298828125e-04 1.279857158660888672e-01
1.692219097049623966e+09 2.491474151611328125e-04 9.917736053466796875e-02
1.692219103220538616e+09 2.608299255371093750e-04 1.710569858551025391e-01
1.692219109510394096e+09 2.543926239013671875e-04 1.211061477661132812e-01
1.692219115642733335e+09 1.557588577270507812e-03 6.612253189086914062e-02
1.692219121789059401e+09 3.473758697509765625e-04 1.207308769226074219e-01
1.692219127944270611e+09 4.559755325317382812e-03 1.687066555023193359e-01
1.692219134195556402e+09 2.324581146240234375e-04 1.173944473266601562e-01
