1.692207985564319849e+09 4.374980926513671875e-04 1.767551898956298828e-01
1.692207991839098454e+09 4.055500030517578125e-04 2.574217319488525391e-01
1.692207998120500088e+09 8.432865142822265625e-04 1.482880115509033203e-01
1.692208004325624466e+09 5.669593811035156250e-04 1.548941135406494141e-01
1.692208010521364212e+09 3.015995025634765625e-04 1.377739906311035156e-01
1.692208016702969074e+09 3.261566162109375000e-04 1.636188030242919922e-01
1.692208022925895929e+09 8.013248443603515625e-04 9.785246849060058594e-02
1.692208029078182459e+09 4.360675811767578125e-04 7.945704460144042969e-02
1.692208035242645264e+09 3.168582916259765625e-04 1.252439022064208984e-01
1.692208041387915611e+09 7.266998291015625000e-04 6.889915466308593750e-02
1.692208047532585144e+09 3.180503845214843750e-04 1.665310859680175781e-01
1.692208053731348991e+09 2.975463867187500000e-04 1.849629878997802734e-01
1.692208059949834108e+09 4.312992095947265625e-04 7.588243484497070312e-02
1.692208066040227175e+09 3.230571746826171875e-04 1.133484840393066406e-01
1.692208072181526899e+09 2.393722534179687500e-04 1.400032043457031250e-01
1.692208078401433229e+09 1.601219177246093750e-03 1.652665138244628906e-01
1.692208084640712500e+09 2.508163452148437500e-04 5.116724967956542969e-02
1.692208090712684393e+09 9.622573852539062500e-04 1.812980175018310547e-01
1.692208096945914507e+09 4.897117614746093750e-04 7.199430465698242188e-02
1.692208103037127018e+09 4.612207412719726562e-03 1.050140857696533203e-01
1.692208109177948713e+09 3.228187561035156250e-04 1.686022281646728516e-01
1.692208115437315464e+09 2.481937408447265625e-04 5.513668060302734375e-02
1.692208121516787291e+09 3.367662429809570312e-03 9.872126579284667969e-02
1.692208127675388336e+09 4.336833953857421875e-04 1.198670864105224609e-01
1.692208133887814999e+09 3.139972686767578125e-04 1.008706092834472656e-01
1.692208140063807964e+09 2.858638763427734375e-04 2.396659851074218750e-01
1.692208146404765844e+09 2.593994140625000000e-04 1.220235824584960938e-01
1.692208152583645344e+09 3.809928894042968750e-04 1.396956443786621094e-01
1.692208158803442001e+09 3.664493560791015625e-04 2.015519142150878906e-01
1.692208165064357758e+09 1.556158065795898438e-03 1.254184246063232422e-01
