1.692279094691513062e+09 2.361774444580078125e-03 3.777105808258056641e-01
1.692279101145859003e+09 8.175373077392578125e-04 3.868277072906494141e-01
1.692279107558922052e+09 1.270771026611328125e-03 4.243326187133789062e-01
1.692279114088805914e+09 5.688667297363281250e-04 3.527135848999023438e-01
1.692279120517874956e+09 6.558895111083984375e-04 2.344794273376464844e-01
1.692279126801021099e+09 1.001834869384765625e-03 4.951577186584472656e-01
1.692279133369927883e+09 2.618861198425292969e-02 2.404696941375732422e-01
1.692279139659356356e+09 1.666307449340820312e-03 3.469204902648925781e-01
1.692279146028980494e+09 1.585769653320312500e-02 6.290333271026611328e-01
1.692279152716434240e+09 2.776598930358886719e-02 3.195688724517822266e-01
1.692279159165879011e+09 5.080699920654296875e-04 2.186713218688964844e-01
1.692279165445803404e+09 1.240253448486328125e-03 2.511084079742431641e-01
1.692279171734360695e+09 5.939006805419921875e-04 3.585631847381591797e-01
1.692279178153304815e+09 7.224082946777343750e-04 2.997984886169433594e-01
1.692279184464180946e+09 1.041650772094726562e-03 3.847928047180175781e-01
1.692279190873643875e+09 5.060672760009765625e-03 3.982119560241699219e-01
1.692279197390738964e+09 1.901865005493164062e-03 2.391941547393798828e-01
1.692279203712473392e+09 2.651453018188476562e-03 2.907774448394775391e-01
1.692279210077861786e+09 1.394987106323242188e-03 4.935741424560546875e-01
1.692279216691393614e+09 1.605749130249023438e-03 2.658536434173583984e-01
1.692279223099294901e+09 1.219058036804199219e-02 3.308377265930175781e-01
1.692279229570070505e+09 8.170604705810546875e-04 2.779848575592041016e-01
1.692279235985234499e+09 7.052421569824218750e-04 3.695073127746582031e-01
1.692279242451044559e+09 1.682758331298828125e-03 3.179678916931152344e-01
1.692279248839365244e+09 6.947517395019531250e-04 2.545468807220458984e-01
1.692279255124095440e+09 6.618499755859375000e-04 3.281922340393066406e-01
1.692279261494791031e+09 3.864049911499023438e-03 4.295008182525634766e-01
1.692279267998921633e+09 7.908344268798828125e-04 5.317492485046386719e-01
1.692279274652710915e+09 8.249282836914062500e-04 3.773033618927001953e-01
1.692279281044190407e+09 6.341934204101562500e-04 7.540283203125000000e-01
