1.692193155980151176e+09 3.130435943603515625e-04 1.165299415588378906e-01
1.692193162196300268e+09 2.537250518798828125e-03 1.050763130187988281e-01
1.692193168395230532e+09 2.503395080566406250e-04 8.721971511840820312e-02
1.692193174571008205e+09 2.682399749755859375e-02 2.276124954223632812e-01
1.692193180833873749e+09 9.231567382812500000e-04 1.790328025817871094e-01
1.692193187059829712e+09 2.505779266357421875e-04 5.364084243774414062e-02
1.692193193132517815e+09 3.280639648437500000e-04 1.339037418365478516e-01
1.692193199313973665e+09 2.985000610351562500e-04 1.041555404663085938e-01
1.692193205485786200e+09 2.555847167968750000e-04 5.292963981628417969e-02
1.692193211631811619e+09 1.282691955566406250e-03 1.449456214904785156e-01
1.692193217829760313e+09 8.685111999511718750e-03 1.932227611541748047e-01
1.692193224122015953e+09 2.431869506835937500e-04 1.019725799560546875e-01
1.692193230280419588e+09 4.386901855468750000e-04 1.531016826629638672e-01
1.692193236542188883e+09 5.655288696289062500e-04 1.959044933319091797e-01
1.692193242782024860e+09 2.381801605224609375e-04 1.197018623352050781e-01
1.692193249001703262e+09 3.528594970703125000e-04 1.931712627410888672e-01
1.692193255273132324e+09 7.376670837402343750e-04 1.369140148162841797e-01
1.692193261416464090e+09 3.411769866943359375e-04 8.768892288208007812e-02
1.692193267567372084e+09 8.058547973632812500e-04 1.045076847076416016e-01
1.692193273696846962e+09 8.468627929687500000e-04 9.103059768676757812e-02
1.692193279876006365e+09 3.514289855957031250e-04 1.075987815856933594e-01
1.692193285986972570e+09 2.320766448974609375e-03 1.394724845886230469e-01
1.692193292236185074e+09 1.005172729492187500e-03 1.429874897003173828e-01
1.692193298428298950e+09 2.574920654296875000e-04 9.046125411987304688e-02
1.692193304570333719e+09 2.405643463134765625e-04 5.428171157836914062e-02
1.692193310636299133e+09 2.562999725341796875e-04 1.101629734039306641e-01
1.692193316789239168e+09 2.555847167968750000e-04 4.830121994018554688e-02
1.692193322927534342e+09 2.250671386718750000e-04 1.164023876190185547e-01
1.692193329095635414e+09 7.143020629882812500e-04 1.469829082489013672e-01
1.692193335343299389e+09 2.434253692626953125e-04 5.311775207519531250e-02
