1.692215812626541376e+09 2.181529998779296875e-04 3.362941741943359375e-02
1.692215818761060476e+09 6.041526794433593750e-04 1.145246028900146484e-01
1.692215824947841644e+09 1.971721649169921875e-04 4.516983032226562500e-02
1.692215831072390556e+09 5.762577056884765625e-04 4.811930656433105469e-02
1.692215837178148985e+09 7.958412170410156250e-04 5.708622932434082031e-02
1.692215843295706987e+09 5.085468292236328125e-04 1.283161640167236328e-01
1.692215849458534718e+09 5.669593811035156250e-04 8.460283279418945312e-02
1.692215855614492655e+09 5.202293395996093750e-04 4.637455940246582031e-02
1.692215861675561428e+09 1.578330993652343750e-04 6.209039688110351562e-02
1.692215867791510344e+09 2.756118774414062500e-04 6.737351417541503906e-02
1.692215873899528503e+09 5.285739898681640625e-04 4.173803329467773438e-02
1.692215879979063511e+09 2.198219299316406250e-04 3.879833221435546875e-02
1.692215886068224907e+09 3.760814666748046875e-03 8.197546005249023438e-02
1.692215892234513998e+09 1.916885375976562500e-04 8.272647857666015625e-02
1.692215898425583839e+09 5.056858062744140625e-04 4.731369018554687500e-02
1.692215904477044106e+09 5.037784576416015625e-04 4.481005668640136719e-02
1.692215910574510098e+09 4.630088806152343750e-04 6.652188301086425781e-02
1.692215916695643902e+09 2.174377441406250000e-04 1.019124984741210938e-01
1.692215922837691545e+09 1.819133758544921875e-04 5.933666229248046875e-02
1.692215928986560345e+09 1.901173591613769531e-02 8.375072479248046875e-02
1.692215935133522987e+09 1.978874206542968750e-04 3.086113929748535156e-02
1.692215941259466887e+09 2.181529998779296875e-04 4.294276237487792969e-02
1.692215947374699593e+09 4.367828369140625000e-04 5.112910270690917969e-02
1.692215953480717182e+09 1.842975616455078125e-04 4.048871994018554688e-02
1.692215959569001675e+09 3.392696380615234375e-04 3.748965263366699219e-02
1.692215965667600632e+09 1.819133758544921875e-04 6.035280227661132812e-02
1.692215971790467262e+09 5.047321319580078125e-04 9.795999526977539062e-02
1.692215977935392380e+09 6.206035614013671875e-04 1.156089305877685547e-01
1.692215984150547028e+09 3.998279571533203125e-04 5.822205543518066406e-02
1.692215990288330317e+09 8.685588836669921875e-04 1.097886562347412109e-01
