1.692221794337574244e+09 3.061294555664062500e-04 1.115751266479492188e-01
1.692221800548658609e+09 2.326965332031250000e-04 2.149820327758789062e-01
1.692221806852132082e+09 2.415180206298828125e-04 1.224062442779541016e-01
1.692221813061910868e+09 2.543926239013671875e-04 1.532700061798095703e-01
1.692221819290232182e+09 3.785610198974609375e-03 1.678960323333740234e-01
1.692221825511238337e+09 1.454353332519531250e-03 1.639056205749511719e-01
1.692221831710324287e+09 3.280639648437500000e-04 9.913039207458496094e-02
1.692221837842645407e+09 2.765655517578125000e-04 1.210319995880126953e-01
1.692221844059919357e+09 5.929470062255859375e-04 1.947543621063232422e-01
1.692221850335248709e+09 2.713203430175781250e-04 1.191732883453369141e-01
1.692221856463937759e+09 2.419948577880859375e-04 1.174161434173583984e-01
1.692221862654644489e+09 7.874965667724609375e-04 1.061580181121826172e-01
1.692221868851181746e+09 5.806207656860351562e-03 8.723187446594238281e-02
1.692221875031371832e+09 4.042148590087890625e-03 1.324980258941650391e-01
1.692221881178922653e+09 1.100778579711914062e-03 3.358788490295410156e-01
1.692221887575894594e+09 3.464221954345703125e-04 5.580091476440429688e-02
1.692221893693932295e+09 2.489089965820312500e-04 1.079070568084716797e-01
1.692221899845427990e+09 6.085395812988281250e-03 1.949515342712402344e-01
1.692221906153017282e+09 1.063108444213867188e-03 1.006391048431396484e-01
1.692221912341419697e+09 8.270740509033203125e-04 1.675858497619628906e-01
1.692221918610856533e+09 5.171298980712890625e-04 1.599724292755126953e-01
1.692221924801600933e+09 4.653930664062500000e-04 8.526635169982910156e-02
1.692221930928747892e+09 2.343654632568359375e-04 3.147525787353515625e-01
1.692221937257151604e+09 2.639293670654296875e-04 1.269764900207519531e-01
1.692221943465148687e+09 2.472400665283203125e-04 1.270577907562255859e-01
1.692221949664333344e+09 2.453327178955078125e-04 5.093646049499511719e-02
1.692221955789347172e+09 2.491474151611328125e-04 8.790135383605957031e-02
1.692221961925419807e+09 9.906291961669921875e-04 2.186741828918457031e-01
1.692221968158658504e+09 2.300500869750976562e-03 1.222376823425292969e-01
1.692221974372221947e+09 2.799034118652343750e-04 1.465992927551269531e-01
