1.692198204589778185e+09 1.047754287719726562e-02 7.999134063720703125e-02
1.692198210780970097e+09 2.500057220458984375e-03 1.388485431671142578e-01
1.692198216933812141e+09 2.989768981933593750e-04 1.233851909637451172e-01
1.692198223113482714e+09 7.457733154296875000e-04 1.110482215881347656e-01
1.692198229306342125e+09 3.788471221923828125e-04 1.401376724243164062e-01
1.692198235530479908e+09 2.398490905761718750e-04 1.647229194641113281e-01
1.692198241754325151e+09 5.056858062744140625e-04 2.532453536987304688e-01
1.692198248046147108e+09 3.938674926757812500e-04 1.430757045745849609e-01
1.692198254234040499e+09 2.684593200683593750e-04 9.339809417724609375e-02
1.692198260382948399e+09 2.372264862060546875e-04 1.599237918853759766e-01
1.692198266549660206e+09 2.365112304687500000e-04 1.420743465423583984e-01
1.692198272738983870e+09 4.203319549560546875e-04 1.266648769378662109e-01
1.692198278921121836e+09 2.930164337158203125e-04 1.196835041046142578e-01
1.692198285111482143e+09 8.564949035644531250e-03 9.513783454895019531e-02
1.692198291296457291e+09 3.440380096435546875e-04 1.434030532836914062e-01
1.692198297534113646e+09 2.708435058593750000e-04 1.498992443084716797e-01
1.692198303742983341e+09 2.360343933105468750e-04 1.406309604644775391e-01
1.692198309932821274e+09 5.753040313720703125e-04 1.530373096466064453e-01
1.692198316149079084e+09 3.042221069335937500e-04 5.885243415832519531e-02
1.692198322251708508e+09 2.338886260986328125e-04 1.117308139801025391e-01
1.692198328400877714e+09 2.324581146240234375e-04 9.476161003112792969e-02
1.692198334590355635e+09 2.181529998779296875e-04 5.628085136413574219e-02
1.692198340745304108e+09 8.451938629150390625e-04 1.922819614410400391e-01
1.692198346992010832e+09 3.824234008789062500e-04 1.935048103332519531e-01
1.692198353283856630e+09 9.752988815307617188e-03 2.380928993225097656e-01
1.692198359538060188e+09 2.179145812988281250e-04 1.086549758911132812e-01
1.692198365698429823e+09 7.472038269042968750e-04 1.602442264556884766e-01
1.692198371951482296e+09 3.981590270996093750e-04 1.672794818878173828e-01
1.692198378157711983e+09 2.529621124267578125e-04 1.763815879821777344e-01
1.692198384365859509e+09 6.175041198730468750e-04 1.714396476745605469e-01
