1.692217389263379097e+09 6.456375122070312500e-04 5.146932601928710938e-02
1.692217395415993690e+09 4.537105560302734375e-04 8.166384696960449219e-02
1.692217401545464039e+09 5.955696105957031250e-04 1.137135028839111328e-01
1.692217407678357840e+09 2.193450927734375000e-04 7.405257225036621094e-02
1.692217413837596178e+09 5.815029144287109375e-04 1.148388385772705078e-01
1.692217419979439497e+09 1.921653747558593750e-04 3.240299224853515625e-02
1.692217426096325159e+09 2.284049987792968750e-04 3.778839111328125000e-02
1.692217432200879574e+09 5.469322204589843750e-04 4.755020141601562500e-02
1.692217438312115908e+09 1.914501190185546875e-04 6.419253349304199219e-02
1.692217444437997818e+09 1.947879791259765625e-04 7.965826988220214844e-02
1.692217450564846516e+09 2.179145812988281250e-04 8.553886413574218750e-02
1.692217456765866280e+09 1.714229583740234375e-04 3.051304817199707031e-02
1.692217462892850876e+09 6.654262542724609375e-04 5.569958686828613281e-02
1.692217469019816399e+09 1.497745513916015625e-03 7.889819145202636719e-02
1.692217475145954132e+09 5.698204040527343750e-04 1.044738292694091797e-01
1.692217481269026279e+09 1.137018203735351562e-02 9.346628189086914062e-02
1.692217487485079527e+09 1.084804534912109375e-03 1.068646907806396484e-01
1.692217493677719116e+09 4.658699035644531250e-04 4.744386672973632812e-02
1.692217499810383081e+09 5.578994750976562500e-04 4.478406906127929688e-02
1.692217505909548759e+09 5.722045898437500000e-04 5.510783195495605469e-02
1.692217512019868374e+09 1.881122589111328125e-04 5.706310272216796875e-02
1.692217518120918751e+09 5.967617034912109375e-04 1.159605979919433594e-01
1.692217524280570984e+09 1.835823059082031250e-04 8.416271209716796875e-02
1.692217530454014301e+09 6.062984466552734375e-04 4.229164123535156250e-02
1.692217536507009268e+09 5.762577056884765625e-04 4.240632057189941406e-02
1.692217542606872797e+09 6.189346313476562500e-04 4.011678695678710938e-02
1.692217548704744577e+09 5.822181701660156250e-04 4.506802558898925781e-02
1.692217554809961081e+09 5.908012390136718750e-04 4.728841781616210938e-02
1.692217560912012339e+09 4.503726959228515625e-04 3.477454185485839844e-02
1.692217566998164654e+09 1.947879791259765625e-04 6.747841835021972656e-02
