1.692258630390248299e+09 3.218650817871093750e-04 1.385667324066162109e-01
1.692258636315036535e+09 7.777214050292968750e-04 3.142004013061523438e-01
1.692258642705662966e+09 2.355575561523437500e-04 1.246736049652099609e-01
1.692258648800285101e+09 2.439022064208984375e-04 1.909856796264648438e-01
1.692258654970736504e+09 2.896785736083984375e-04 5.763721466064453125e-02
1.692258661134456396e+09 3.039836883544921875e-04 5.857968330383300781e-02
1.692258667334905624e+09 3.132820129394531250e-04 1.328661441802978516e-01
1.692258673409261465e+09 3.511905670166015625e-04 1.371843814849853516e-01
1.692258679514504433e+09 3.347396850585937500e-04 2.632379531860351562e-01
1.692258685739774942e+09 2.470016479492187500e-04 1.530430316925048828e-01
1.692258692037804842e+09 5.450248718261718750e-04 8.272957801818847656e-02
1.692258698261501551e+09 3.066062927246093750e-04 1.567556858062744141e-01
1.692258704334257126e+09 2.465248107910156250e-04 1.437060832977294922e-01
1.692258710424700499e+09 8.845329284667968750e-04 1.254553794860839844e-01
1.692258716706290007e+09 3.082752227783203125e-04 1.414108276367187500e-01
1.692258723018243313e+09 3.263950347900390625e-04 1.197307109832763672e-01
1.692258729210172892e+09 5.872249603271484375e-04 2.022953033447265625e-01
1.692258735381575346e+09 2.546310424804687500e-04 1.819832324981689453e-01
1.692258741758139133e+09 6.017684936523437500e-04 1.446144580841064453e-01
1.692258747922389030e+09 3.850460052490234375e-04 1.066949367523193359e-01
1.692258754183941841e+09 4.577636718750000000e-04 6.838560104370117188e-02
1.692258760451778889e+09 4.775524139404296875e-04 1.357266902923583984e-01
1.692258766715841770e+09 5.755424499511718750e-04 1.219108104705810547e-01
1.692258772902006388e+09 2.520084381103515625e-04 9.595942497253417969e-02
1.692258779172934771e+09 2.746582031250000000e-04 1.441438198089599609e-01
1.692258785324496269e+09 6.148815155029296875e-04 8.403086662292480469e-02
1.692258791461414576e+09 3.407001495361328125e-04 1.046216487884521484e-01
1.692258797580884695e+09 3.080368041992187500e-04 1.420719623565673828e-01
1.692258803719302893e+09 6.630420684814453125e-04 1.387176513671875000e-01
1.692258809825335026e+09 8.313655853271484375e-04 8.608984947204589844e-02
