1.692205776941144228e+09 1.070022583007812500e-03 1.252102851867675781e-01
1.692205783171132088e+09 2.405643463134765625e-04 1.069409847259521484e-01
1.692205789364052296e+09 2.820491790771484375e-04 5.656170845031738281e-02
1.692205795496235371e+09 1.558780670166015625e-03 1.431779861450195312e-01
1.692205801693790913e+09 2.944469451904296875e-04 1.266362667083740234e-01
1.692205807868344545e+09 2.361297607421875000e-03 1.098377704620361328e-01
1.692205814062115669e+09 8.273124694824218750e-04 2.278571128845214844e-01
1.692205820379611731e+09 2.229213714599609375e-04 1.006426811218261719e-01
1.692205826540055275e+09 2.496957778930664062e-03 1.103057861328125000e-01
1.692205832753362894e+09 2.436637878417968750e-04 5.049371719360351562e-02
1.692205838892547369e+09 2.641677856445312500e-04 1.271724700927734375e-01
1.692205845076164961e+09 2.589225769042968750e-04 1.063783168792724609e-01
1.692205851246642828e+09 5.960464477539062500e-04 1.517398357391357422e-01
1.692205857493298769e+09 3.030300140380859375e-04 9.992885589599609375e-02
1.692205863655915022e+09 2.324581146240234375e-04 2.391967773437500000e-01
1.692205869986373663e+09 2.441406250000000000e-04 1.484632492065429688e-01
1.692205876190306187e+09 8.661746978759765625e-04 1.036722660064697266e-01
1.692205882354185820e+09 2.994537353515625000e-04 1.195585727691650391e-01
1.692205888565455198e+09 3.967285156250000000e-04 1.202192306518554688e-01
1.692205894760785580e+09 2.462863922119140625e-04 8.317661285400390625e-02
1.692205900923000574e+09 6.735324859619140625e-04 2.158007621765136719e-01
1.692205907165870667e+09 3.490447998046875000e-04 1.607377529144287109e-01
1.692205913404067039e+09 2.522468566894531250e-04 1.704907417297363281e-01
1.692205919611233711e+09 2.462863922119140625e-04 1.960067749023437500e-01
1.692205925835605145e+09 2.374649047851562500e-04 9.091377258300781250e-02
1.692205931935477018e+09 4.975795745849609375e-04 7.904481887817382812e-02
1.692205938020864964e+09 2.264976501464843750e-04 5.057835578918457031e-02
1.692205944094669104e+09 2.913475036621093750e-04 1.268007755279541016e-01
1.692205950276520014e+09 2.951622009277343750e-04 1.196866035461425781e-01
1.692205956460357904e+09 2.205371856689453125e-04 1.154348850250244141e-01
