1.692201675516315222e+09 7.719993591308593750e-04 8.157992362976074219e-02
1.692201681704285145e+09 2.448558807373046875e-04 1.495065689086914062e-01
1.692201687868555546e+09 8.988380432128906250e-04 1.328794956207275391e-01
1.692201694052184820e+09 4.768371582031250000e-04 1.320981979370117188e-01
1.692201700256415367e+09 3.983974456787109375e-04 2.024104595184326172e-01
1.692201706520589590e+09 2.484321594238281250e-04 1.962010860443115234e-01
1.692201712812815666e+09 2.679824829101562500e-04 1.146476268768310547e-01
1.692201718938790321e+09 3.128051757812500000e-04 2.214472293853759766e-01
1.692201725238592863e+09 2.208471298217773438e-03 1.034429073333740234e-01
1.692201731427840710e+09 2.615451812744140625e-04 1.332290172576904297e-01
1.692201737650434494e+09 3.519058227539062500e-03 1.653943061828613281e-01
1.692201743932495117e+09 3.918886184692382812e-03 1.955211162567138672e-01
1.692201750220798731e+09 7.314682006835937500e-04 2.382194995880126953e-01
1.692201756556029797e+09 6.816387176513671875e-04 1.615703105926513672e-01
1.692201762790212154e+09 6.515979766845703125e-04 1.949660778045654297e-01
1.692201769039381742e+09 9.450912475585937500e-04 1.596243381500244141e-01
1.692201775288338184e+09 6.504774093627929688e-03 2.120211124420166016e-01
1.692201781537646294e+09 9.179115295410156250e-04 2.776734828948974609e-01
1.692201787903949738e+09 2.470016479492187500e-04 1.362459659576416016e-01
1.692201794053501606e+09 2.980232238769531250e-04 5.032968521118164062e-02
1.692201800171437979e+09 2.572536468505859375e-04 5.688858032226562500e-02
1.692201806273859978e+09 3.094673156738281250e-04 1.337203979492187500e-01
1.692201812452432871e+09 1.222372055053710938e-03 1.373255252838134766e-01
1.692201818659485817e+09 5.252361297607421875e-04 8.416867256164550781e-02
1.692201824802628040e+09 6.954669952392578125e-04 6.993985176086425781e-02
1.692201830894275427e+09 4.541873931884765625e-04 1.891002655029296875e-01
1.692201837111749649e+09 2.522468566894531250e-04 1.786193847656250000e-01
1.692201843295417309e+09 6.957054138183593750e-04 1.908328533172607422e-01
1.692201849517429590e+09 4.639625549316406250e-04 1.378059387207031250e-01
1.692201855658614397e+09 4.734992980957031250e-04 9.057641029357910156e-02
