1.692201044413898230e+09 4.813671112060546875e-04 6.791138648986816406e-02
1.692201050583650351e+09 2.608299255371093750e-04 1.309092044830322266e-01
1.692201056745896816e+09 2.954006195068359375e-04 1.866776943206787109e-01
1.692201063011323929e+09 1.036882400512695312e-03 1.600048542022705078e-01
1.692201069191241980e+09 5.168914794921875000e-04 1.824765205383300781e-01
1.692201075398700953e+09 8.132457733154296875e-04 1.171541213989257812e-01
1.692201081532651901e+09 2.842426300048828125e-03 1.058287620544433594e-01
1.692201087729249001e+09 7.157325744628906250e-04 1.560437679290771484e-01
1.692201093975830793e+09 2.577304840087890625e-04 1.186008453369140625e-01
1.692201100133113146e+09 3.414154052734375000e-04 1.815931797027587891e-01
1.692201106402766705e+09 7.214546203613281250e-04 1.756930351257324219e-01
1.692201112600275517e+09 2.441406250000000000e-04 1.617016792297363281e-01
1.692201118779866457e+09 2.391338348388671875e-04 1.314888000488281250e-01
1.692201124948425055e+09 3.600120544433593750e-04 1.322505474090576172e-01
1.692201131148469210e+09 5.142211914062500000e-03 1.731288433074951172e-01
1.692201137396771431e+09 8.172988891601562500e-04 1.926159858703613281e-01
1.692201143614044666e+09 5.940914154052734375e-03 1.542711257934570312e-01
1.692201149881924152e+09 4.355907440185546875e-04 2.288112640380859375e-01
1.692201156167785645e+09 2.207756042480468750e-04 1.187949180603027344e-01
1.692201162340388775e+09 2.458095550537109375e-04 1.114366054534912109e-01
1.692201168526027203e+09 3.275871276855468750e-04 1.287062168121337891e-01
1.692201174744335413e+09 2.493858337402343750e-04 1.290714740753173828e-01
1.692201180943901777e+09 4.439353942871093750e-04 1.070802211761474609e-01
1.692201187142858267e+09 4.875659942626953125e-04 8.880043029785156250e-02
1.692201193303948641e+09 3.888607025146484375e-04 1.518976688385009766e-01
1.692201199468413830e+09 9.164810180664062500e-04 7.661414146423339844e-02
1.692201205601196051e+09 7.314682006835937500e-04 1.479058265686035156e-01
1.692201211769608736e+09 4.726409912109375000e-03 1.423633098602294922e-01
1.692201217966664553e+09 3.108978271484375000e-04 7.977008819580078125e-02
1.692201224096880198e+09 2.319812774658203125e-04 3.017590045928955078e-01
