1.692256837459054708e+09 2.379894256591796875e-03 8.569312095642089844e-02
1.692256843453497887e+09 2.443790435791015625e-04 4.455065727233886719e-02
1.692256849602586746e+09 1.826286315917968750e-04 4.654932022094726562e-02
1.692256855505975485e+09 4.928112030029296875e-04 1.084377765655517578e-01
1.692256861879594326e+09 8.568763732910156250e-04 8.969449996948242188e-02
1.692256867953577995e+09 2.174377441406250000e-04 1.129510402679443359e-01
1.692256874172588587e+09 8.535385131835937500e-04 8.670711517333984375e-02
1.692256880249572515e+09 5.862712860107421875e-04 4.242992401123046875e-02
1.692256886503015995e+09 5.593299865722656250e-04 8.841466903686523438e-02
1.692256892448827267e+09 5.745887756347656250e-04 5.359029769897460938e-02
1.692256898513967991e+09 1.895427703857421875e-04 9.130311012268066406e-02
1.692256904580272675e+09 5.550384521484375000e-04 5.118227005004882812e-02
1.692256910810907841e+09 4.883050918579101562e-03 8.553123474121093750e-02
1.692256916877694607e+09 1.814365386962890625e-04 4.658913612365722656e-02
1.692256923009906292e+09 5.705356597900390625e-04 5.302834510803222656e-02
1.692256929013734579e+09 1.458168029785156250e-03 5.352544784545898438e-02
1.692256935114390373e+09 5.011558532714843750e-04 4.718279838562011719e-02
1.692256941307060003e+09 5.884170532226562500e-04 5.252456665039062500e-02
1.692256947313138247e+09 3.988742828369140625e-04 8.611679077148437500e-02
1.692256953555953979e+09 1.722097396850585938e-03 7.988381385803222656e-02
1.692256959739579439e+09 1.839399337768554688e-03 8.810591697692871094e-02
1.692256965961297274e+09 2.219676971435546875e-04 7.698798179626464844e-02
1.692256972141436577e+09 5.900859832763671875e-04 7.097125053405761719e-02
1.692256978231564283e+09 5.772113800048828125e-04 4.991626739501953125e-02
1.692256984310433149e+09 1.479625701904296875e-03 9.023857116699218750e-02
1.692256990371671677e+09 6.067752838134765625e-04 8.548736572265625000e-02
1.692256996446280956e+09 1.129150390625000000e-03 7.169795036315917969e-02
1.692257002631729126e+09 8.590221405029296875e-04 4.681444168090820312e-02
1.692257008709896326e+09 3.511905670166015625e-04 9.525561332702636719e-02
1.692257014771999121e+09 8.010864257812500000e-04 4.508781433105468750e-02
