1.692269450763600111e+09 6.201267242431640625e-04 4.745793342590332031e-02
1.692269456794665337e+09 5.967617034912109375e-04 4.417133331298828125e-02
1.692269462991592646e+09 6.120204925537109375e-04 6.425333023071289062e-02
1.692269469017012835e+09 5.962848663330078125e-04 7.980680465698242188e-02
1.692269475127394199e+09 5.767345428466796875e-04 1.019036769866943359e-01
1.692269481349076748e+09 1.797676086425781250e-04 5.419301986694335938e-02
1.692269487300268412e+09 5.421638488769531250e-04 4.468297958374023438e-02
1.692269493291420460e+09 5.650520324707031250e-04 8.567595481872558594e-02
1.692269499333323479e+09 6.189346313476562500e-04 4.290413856506347656e-02
1.692269505288169384e+09 5.006790161132812500e-04 3.413391113281250000e-02
1.692269511281360626e+09 2.453327178955078125e-04 4.382967948913574219e-02
1.692269517389551640e+09 5.464553833007812500e-04 1.094074249267578125e-01
1.692269523456819296e+09 5.314350128173828125e-04 4.483151435852050781e-02
1.692269529691419601e+09 5.617141723632812500e-04 9.595799446105957031e-02
1.692269535743449211e+09 5.447864532470703125e-04 3.910160064697265625e-02
1.692269541986696482e+09 5.297660827636718750e-04 8.856368064880371094e-02
1.692269548235913754e+09 2.763271331787109375e-04 7.998514175415039062e-02
1.692269554449077129e+09 5.888938903808593750e-04 4.517126083374023438e-02
1.692269560392709255e+09 2.489089965820312500e-04 4.295706748962402344e-02
1.692269566393973827e+09 1.733303070068359375e-04 2.991223335266113281e-02
1.692269572475089312e+09 2.744197845458984375e-04 4.280757904052734375e-02
1.692269578388618469e+09 2.017021179199218750e-04 3.241586685180664062e-02
1.692269584577674150e+09 3.693819046020507812e-03 8.986639976501464844e-02
1.692269590551675797e+09 8.816719055175781250e-04 8.345127105712890625e-02
1.692269596748070478e+09 5.285739898681640625e-04 4.250860214233398438e-02
1.692269602789819717e+09 2.372264862060546875e-04 8.287763595581054688e-02
1.692269609032855988e+09 8.676052093505859375e-04 4.180097579956054688e-02
1.692269614992154837e+09 5.536079406738281250e-04 7.494115829467773438e-02
1.692269621222535133e+09 4.563331604003906250e-04 6.488680839538574219e-02
1.692269627414703608e+09 1.707077026367187500e-04 3.083992004394531250e-02
