1.692267558503375292e+09 6.723403930664062500e-04 1.091687679290771484e-01
1.692267564613726616e+09 3.962516784667968750e-04 4.223513603210449219e-02
1.692267570545507669e+09 1.866817474365234375e-04 3.253912925720214844e-02
1.692267576734948635e+09 5.669593811035156250e-04 5.185532569885253906e-02
1.692267582956127405e+09 5.943775177001953125e-04 1.174781322479248047e-01
1.692267589229304552e+09 5.929470062255859375e-04 4.117727279663085938e-02
1.692267595245549440e+09 5.517005920410156250e-04 1.080167293548583984e-01
1.692267601513721704e+09 2.751350402832031250e-04 7.988238334655761719e-02
1.692267607687403679e+09 3.906726837158203125e-03 6.720423698425292969e-02
1.692267613700629234e+09 5.137920379638671875e-04 4.276990890502929688e-02
1.692267619750575066e+09 5.240440368652343750e-04 4.223394393920898438e-02
1.692267625846301079e+09 2.348423004150390625e-04 9.114718437194824219e-02
1.692267631995650291e+09 2.577304840087890625e-04 4.872703552246093750e-02
1.692267638151411533e+09 5.388259887695312500e-04 5.037736892700195312e-02
1.692267644154798031e+09 2.572536468505859375e-04 4.138207435607910156e-02
1.692267650269282818e+09 5.445480346679687500e-04 1.095001697540283203e-01
1.692267656417114019e+09 5.872249603271484375e-04 3.944683074951171875e-02
1.692267662643990993e+09 5.321502685546875000e-04 5.568504333496093750e-02
1.692267668860235929e+09 1.759529113769531250e-04 7.682371139526367188e-02
1.692267674979360819e+09 1.781702041625976562e-03 6.504917144775390625e-02
1.692267681095514059e+09 8.630752563476562500e-04 8.017730712890625000e-02
1.692267687296475410e+09 5.464553833007812500e-04 7.651042938232421875e-02
1.692267693380842924e+09 1.869201660156250000e-04 4.393458366394042969e-02
1.692267699548740864e+09 5.221366882324218750e-04 5.179500579833984375e-02
1.692267705556120872e+09 4.152297973632812500e-03 9.063744544982910156e-02
1.692267711805360317e+09 1.723527908325195312e-03 7.402038574218750000e-02
1.692267717989804506e+09 2.689361572265625000e-04 4.180431365966796875e-02
1.692267723944037676e+09 1.142883300781250000e-02 8.908915519714355469e-02
1.692267730123153448e+09 5.362033843994140625e-04 5.193734169006347656e-02
1.692267736156260252e+09 5.860328674316406250e-04 5.129289627075195312e-02
