1.692281619363705158e+09 1.578330993652343750e-03 2.115840911865234375e-01
1.692281625698075533e+09 7.240772247314453125e-04 4.133367538452148438e-01
1.692281632196909666e+09 2.907514572143554688e-03 4.448959827423095703e-01
1.692281638715621233e+09 1.665592193603515625e-03 3.791911602020263672e-01
1.692281645147412062e+09 1.047849655151367188e-03 3.165435791015625000e-01
1.692281651485392809e+09 5.311965942382812500e-04 3.900575637817382812e-01
1.692281657986108065e+09 1.200437545776367188e-03 2.879822254180908203e-01
1.692281664385110140e+09 1.418113708496093750e-03 2.837424278259277344e-01
1.692281670758517504e+09 5.687952041625976562e-03 3.438887596130371094e-01
1.692281677118572235e+09 5.311965942382812500e-04 3.013560771942138672e-01
1.692281683484230757e+09 2.966880798339843750e-03 3.143002986907958984e-01
1.692281689918617249e+09 9.682178497314453125e-04 3.756709098815917969e-01
1.692281696342129469e+09 1.186609268188476562e-03 3.015646934509277344e-01
1.692281702668092728e+09 7.581949234008789062e-03 3.367049694061279297e-01
1.692281709020291567e+09 4.935264587402343750e-04 3.557953834533691406e-01
1.692281715419216871e+09 1.736164093017578125e-03 3.017773628234863281e-01
1.692281721800281525e+09 8.742809295654296875e-04 3.792798519134521484e-01
1.692281728249861002e+09 5.266666412353515625e-04 3.358094692230224609e-01
1.692281734630708694e+09 5.021095275878906250e-04 2.626888751983642578e-01
1.692281740945112467e+09 1.199960708618164062e-03 3.804314136505126953e-01
1.692281747352083206e+09 7.355213165283203125e-04 3.907265663146972656e-01
1.692281753781412601e+09 9.145736694335937500e-04 3.360400199890136719e-01
1.692281760231504679e+09 8.011817932128906250e-03 4.312417507171630859e-01
1.692281766736083269e+09 2.245903015136718750e-03 4.827909469604492188e-01
1.692281773251731634e+09 9.777545928955078125e-04 2.610788345336914062e-01
1.692281779540471554e+09 9.424686431884765625e-04 3.461754322052001953e-01
1.692281785913111210e+09 6.551742553710937500e-04 4.039423465728759766e-01
1.692281792381052732e+09 9.691715240478515625e-04 2.524213790893554688e-01
1.692281798745955467e+09 4.506111145019531250e-04 3.077960014343261719e-01
1.692281805080882072e+09 8.795261383056640625e-04 2.747159004211425781e-01
