1.692259675360760450e+09 6.577968597412109375e-04 8.212804794311523438e-02
1.692259681543813705e+09 3.061294555664062500e-04 5.923891067504882812e-02
1.692259687718782187e+09 5.271434783935546875e-04 3.930521011352539062e-02
1.692259693700699568e+09 5.452632904052734375e-04 4.654765129089355469e-02
1.692259699806751013e+09 5.140304565429687500e-04 6.882023811340332031e-02
1.692259705931837082e+09 8.640289306640625000e-04 1.078400611877441406e-01
1.692259712074008465e+09 9.787082672119140625e-04 7.261729240417480469e-02
1.692259718140597343e+09 8.003711700439453125e-04 1.103501319885253906e-01
1.692259724373960257e+09 5.753040313720703125e-04 3.714776039123535156e-02
1.692259730598704100e+09 7.927417755126953125e-04 9.764790534973144531e-02
1.692259736669279575e+09 2.858638763427734375e-04 3.894662857055664062e-02
1.692259742899081945e+09 2.126693725585937500e-04 3.319835662841796875e-02
1.692259748992442131e+09 5.021095275878906250e-04 1.050820350646972656e-01
1.692259755170266628e+09 7.264614105224609375e-04 7.084059715270996094e-02
1.692259761130847692e+09 1.995563507080078125e-04 7.911348342895507812e-02
1.692259767265449762e+09 5.407333374023437500e-04 4.846096038818359375e-02
1.692259773510144949e+09 5.035400390625000000e-04 1.106228828430175781e-01
1.692259779572047710e+09 1.976490020751953125e-04 3.674983978271484375e-02
1.692259785495789289e+09 1.754760742187500000e-04 5.098509788513183594e-02
1.692259791413308859e+09 4.920959472656250000e-04 1.171021461486816406e-01
1.692259797581462383e+09 1.819133758544921875e-04 8.373785018920898438e-02
1.692259803971930265e+09 6.184577941894531250e-04 4.949092864990234375e-02
1.692259810211723328e+09 5.383491516113281250e-04 6.156659126281738281e-02
1.692259816523264647e+09 7.698535919189453125e-04 4.258918762207031250e-02
1.692259822606187582e+09 5.071163177490234375e-04 5.435657501220703125e-02
1.692259828815864563e+09 5.207061767578125000e-04 7.732772827148437500e-02
1.692259834939017296e+09 3.566741943359375000e-04 4.438042640686035156e-02
1.692259841109291077e+09 4.148244857788085938e-03 7.688236236572265625e-02
1.692259847241856575e+09 2.906322479248046875e-04 8.293747901916503906e-02
1.692259853345788956e+09 4.978179931640625000e-04 4.068470001220703125e-02
