1.692271657354042053e+09 2.384185791015625000e-04 5.043768882751464844e-02
1.692271663594846249e+09 2.188682556152343750e-04 8.017730712890625000e-02
1.692271669748941660e+09 5.347728729248046875e-04 3.889560699462890625e-02
1.692271675983386755e+09 4.110336303710937500e-04 4.114127159118652344e-02
1.692271681884948730e+09 4.045963287353515625e-04 3.723478317260742188e-02
1.692271688081041336e+09 4.399061203002929688e-03 1.023135185241699219e-01
1.692271694459426880e+09 5.276203155517578125e-04 4.113531112670898438e-02
1.692271700486228704e+09 5.970001220703125000e-04 7.972669601440429688e-02
1.692271706828627586e+09 5.240440368652343750e-04 3.718948364257812500e-02
1.692271712782455921e+09 5.707740783691406250e-04 1.016461849212646484e-01
1.692271718846918583e+09 1.902580261230468750e-04 3.738045692443847656e-02
1.692271724779575109e+09 6.678104400634765625e-04 8.779907226562500000e-02
1.692271730943557501e+09 6.027698516845703125e-03 4.508757591247558594e-02
1.692271736893919706e+09 5.028247833251953125e-04 4.762744903564453125e-02
1.692271743192703485e+09 4.112958908081054688e-03 7.695341110229492188e-02
1.692271749444546461e+09 1.926422119140625000e-04 3.224945068359375000e-02
1.692271755675297976e+09 5.469322204589843750e-04 8.572483062744140625e-02
1.692271762037254810e+09 2.212524414062500000e-04 6.394410133361816406e-02
1.692271768009893656e+09 4.599094390869140625e-04 4.381680488586425781e-02
1.692271773988052130e+09 7.118940353393554688e-03 7.984805107116699219e-02
1.692271780337474108e+09 5.729198455810546875e-04 3.841233253479003906e-02
1.692271786383044481e+09 8.211135864257812500e-04 3.756690025329589844e-02
1.692271792484800816e+09 5.049705505371093750e-04 7.243585586547851562e-02
1.692271798518360853e+09 5.433559417724609375e-04 4.192471504211425781e-02
1.692271804586836100e+09 1.685619354248046875e-04 3.955340385437011719e-02
1.692271810682263136e+09 2.087354660034179688e-03 8.502745628356933594e-02
1.692271816835016251e+09 5.481243133544921875e-04 7.691144943237304688e-02
1.692271822922291040e+09 2.501010894775390625e-04 6.506681442260742188e-02
1.692271829109769106e+09 5.462169647216796875e-04 3.853893280029296875e-02
1.692271835083687544e+09 5.207061767578125000e-04 4.701757431030273438e-02
