1.692219901250509262e+09 1.518011093139648438e-03 1.364724636077880859e-01
1.692219907491689920e+09 2.613067626953125000e-04 5.095481872558593750e-02
1.692219913602692366e+09 2.465248107910156250e-04 5.584096908569335938e-02
1.692219919707318544e+09 2.491474151611328125e-04 1.056175231933593750e-01
1.692219925858341217e+09 5.258083343505859375e-03 6.279277801513671875e-02
1.692219932021480083e+09 3.333091735839843750e-04 1.188914775848388672e-01
1.692219938170850277e+09 8.926391601562500000e-04 9.549069404602050781e-02
1.692219944361045599e+09 2.658367156982421875e-04 1.105763912200927734e-01
1.692219950561634064e+09 4.074573516845703125e-04 1.515665054321289062e-01
1.692219956804474115e+09 5.224227905273437500e-03 8.712220191955566406e-02
1.692219962950953245e+09 2.655982971191406250e-04 2.095639705657958984e-01
1.692219969163216829e+09 2.601146697998046875e-04 1.522688865661621094e-01
1.692219975408005238e+09 2.861022949218750000e-04 1.119515895843505859e-01
1.692219981563275814e+09 2.527236938476562500e-04 1.510508060455322266e-01
1.692219987717001438e+09 2.396106719970703125e-04 5.280470848083496094e-02
1.692219993804227591e+09 1.772642135620117188e-03 1.025593280792236328e-01
1.692219999963493347e+09 2.666711807250976562e-03 6.941080093383789062e-02
1.692220006127321243e+09 3.705024719238281250e-04 1.546568870544433594e-01
1.692220012310534239e+09 6.113052368164062500e-04 1.502776145935058594e-01
1.692220018517544508e+09 6.866455078125000000e-04 1.126849651336669922e-01
1.692220024666726112e+09 2.439022064208984375e-04 1.505186557769775391e-01
1.692220030906446218e+09 2.417564392089843750e-04 1.182920932769775391e-01
1.692220037069528580e+09 3.945827484130859375e-04 1.187005043029785156e-01
1.692220043287176371e+09 2.892017364501953125e-04 8.646059036254882812e-02
1.692220049438986301e+09 3.502368927001953125e-04 1.256506443023681641e-01
1.692220055577803135e+09 2.846717834472656250e-04 1.183803081512451172e-01
1.692220061786861897e+09 4.582405090332031250e-04 1.540153026580810547e-01
1.692220068006483555e+09 4.124641418457031250e-04 1.427595615386962891e-01
1.692220074198715925e+09 3.430843353271484375e-04 9.160447120666503906e-02
1.692220080345395088e+09 1.149654388427734375e-03 1.014261245727539062e-01
