1.692263047873925924e+09 3.590583801269531250e-04 6.100463867187500000e-02
1.692263053938253641e+09 7.281303405761718750e-04 2.241230010986328125e-01
1.692263060100764275e+09 3.857612609863281250e-04 1.664853096008300781e-01
1.692263066346950769e+09 2.179145812988281250e-03 2.424101829528808594e-01
1.692263072658314943e+09 2.584457397460937500e-04 1.947383880615234375e-01
1.692263079068282843e+09 2.384185791015625000e-04 1.905245780944824219e-01
1.692263085069562674e+09 4.277229309082031250e-04 1.177680492401123047e-01
1.692263091291565180e+09 2.353191375732421875e-04 2.169487476348876953e-01
1.692263097495124817e+09 3.759860992431640625e-04 1.601877212524414062e-01
1.692263103741488218e+09 2.477169036865234375e-04 1.129631996154785156e-01
1.692263110085722685e+09 5.092620849609375000e-04 8.516120910644531250e-02
1.692263116059448481e+09 5.457401275634765625e-04 1.797025203704833984e-01
1.692263122255148888e+09 3.290176391601562500e-04 1.345961093902587891e-01
1.692263128310828686e+09 6.137132644653320312e-03 2.249846458435058594e-01
1.692263134705619574e+09 2.403259277343750000e-04 1.261811256408691406e-01
1.692263140799392700e+09 2.565383911132812500e-04 1.235134601593017578e-01
1.692263147096367359e+09 5.805492401123046875e-04 1.595251560211181641e-01
1.692263153233690739e+09 2.434253692626953125e-04 1.810507774353027344e-01
1.692263159653985500e+09 1.177549362182617188e-03 2.204437255859375000e-01
1.692263165735383987e+09 3.459453582763671875e-04 4.753017425537109375e-02
1.692263172121877670e+09 4.880428314208984375e-04 9.127020835876464844e-02
1.692263178370807648e+09 2.630949020385742188e-03 1.287341117858886719e-01
1.692263184410802841e+09 9.868144989013671875e-04 1.710777282714843750e-01
1.692263190461465120e+09 7.574558258056640625e-04 8.944034576416015625e-02
1.692263196667017460e+09 2.512216567993164062e-03 1.724519729614257812e-01
1.692263202849657059e+09 4.427433013916015625e-04 1.562783718109130859e-01
1.692263209035635948e+09 1.100707054138183594e-02 1.378819942474365234e-01
1.692263215446253538e+09 3.607273101806640625e-04 1.160523891448974609e-01
1.692263221589907169e+09 2.512931823730468750e-04 1.352872848510742188e-01
1.692263227608149767e+09 1.150846481323242188e-03 2.973129749298095703e-01
