1.692256737520621061e+09 2.999305725097656250e-04 1.969642639160156250e-01
1.692256743723098040e+09 8.058547973632812500e-04 1.476032733917236328e-01
1.692256749973795652e+09 1.024007797241210938e-03 1.683769226074218750e-01
1.692256756399161577e+09 3.144741058349609375e-04 5.001926422119140625e-02
1.692256762371930361e+09 2.329349517822265625e-04 1.255171298980712891e-01
1.692256768446765661e+09 8.005857467651367188e-03 1.531407833099365234e-01
1.692256774685083866e+09 8.747577667236328125e-04 1.322181224822998047e-01
1.692256780865272760e+09 2.491474151611328125e-04 9.135270118713378906e-02
1.692256786913572788e+09 2.484321594238281250e-04 1.136531829833984375e-01
1.692256793040472746e+09 2.672672271728515625e-04 1.660761833190917969e-01
1.692256799192780733e+09 1.418828964233398438e-03 2.964758872985839844e-01
1.692256805627811432e+09 6.027221679687500000e-04 1.609511375427246094e-01
1.692256811683995724e+09 5.614757537841796875e-04 4.107089042663574219e-01
1.692256818069850683e+09 7.307529449462890625e-04 1.386806964874267578e-01
1.692256824366297483e+09 7.863044738769531250e-04 1.061632633209228516e-01
1.692256830747630358e+09 7.693767547607421875e-04 2.184357643127441406e-01
1.692256836842245579e+09 6.704330444335937500e-04 8.703112602233886719e-02
1.692256843017066956e+09 6.239414215087890625e-04 2.348234653472900391e-01
1.692256849184286356e+09 3.118515014648437500e-04 1.221976280212402344e-01
1.692256855244303942e+09 2.185583114624023438e-03 1.557402610778808594e-01
1.692256861383776665e+09 7.443428039550781250e-04 1.352329254150390625e-01
1.692256867559259415e+09 5.457401275634765625e-04 1.546125411987304688e-01
1.692256873901609659e+09 3.447532653808593750e-04 1.387975215911865234e-01
1.692256880160741091e+09 2.462863922119140625e-04 1.426205635070800781e-01
1.692256886363735914e+09 5.893707275390625000e-04 1.770429611206054688e-01
1.692256892601197004e+09 4.324913024902343750e-04 2.172219753265380859e-01
1.692256898849236965e+09 8.158683776855468750e-04 2.311649322509765625e-01
1.692256905160047054e+09 2.844333648681640625e-04 1.214911937713623047e-01
1.692256911442931414e+09 2.408027648925781250e-04 1.546981334686279297e-01
1.692256917584619761e+09 1.120805740356445312e-03 2.538638114929199219e-01
