1.692268727113695145e+09 3.659725189208984375e-04 5.680823326110839844e-02
1.692268733163398266e+09 2.729892730712890625e-04 2.061169147491455078e-01
1.692268739531244516e+09 2.677440643310546875e-04 6.067681312561035156e-02
1.692268745567240715e+09 3.263950347900390625e-04 1.472337245941162109e-01
1.692268751858778477e+09 2.765655517578125000e-04 1.846461296081542969e-01
1.692268758311462402e+09 6.649494171142578125e-04 1.802675724029541016e-01
1.692268764698903799e+09 5.583763122558593750e-04 1.805438995361328125e-01
1.692268770890195608e+09 1.546621322631835938e-03 1.648023128509521484e-01
1.692268777080921173e+09 5.178451538085937500e-04 1.733138561248779297e-01
1.692268783385878086e+09 2.474784851074218750e-04 1.491687297821044922e-01
1.692268789481139660e+09 2.667903900146484375e-04 1.601269245147705078e-01
1.692268795566394091e+09 3.466606140136718750e-04 1.906135082244873047e-01
1.692268801898949146e+09 3.387928009033203125e-04 1.019906997680664062e-01
1.692268808016335011e+09 6.053447723388671875e-04 1.910545825958251953e-01
1.692268814498861313e+09 1.010417938232421875e-03 2.008063793182373047e-01
1.692268820713664293e+09 9.241104125976562500e-04 7.926726341247558594e-02
1.692268826797712803e+09 4.744768142700195312e-03 1.676838397979736328e-01
1.692268832989838362e+09 2.061367034912109375e-03 1.661036014556884766e-01
1.692268839177729845e+09 8.952617645263671875e-04 2.675383090972900391e-01
1.692268845477397919e+09 2.541542053222656250e-04 1.190845966339111328e-01
1.692268851825567245e+09 6.332397460937500000e-04 2.344675064086914062e-01
1.692268858045145988e+09 8.966922760009765625e-04 9.017276763916015625e-02
1.692268864205186129e+09 2.184391021728515625e-03 1.000754833221435547e-01
1.692268870418279648e+09 7.128715515136718750e-04 1.907260417938232422e-01
1.692268876717086315e+09 7.907629013061523438e-03 1.942601203918457031e-01
1.692268883020661116e+09 1.996755599975585938e-03 7.967233657836914062e-02
1.692268889193168402e+09 3.104209899902343750e-04 5.028295516967773438e-02
1.692268895357373953e+09 6.835460662841796875e-04 2.156927585601806641e-01
1.692268901525329590e+09 4.084110260009765625e-04 8.859705924987792969e-02
1.692268907698527336e+09 1.217603683471679688e-03 1.152162551879882812e-01
