1.692194102671808958e+09 4.501342773437500000e-04 1.262381076812744141e-01
1.692194108898303747e+09 2.825260162353515625e-04 1.775579452514648438e-01
1.692194115149905205e+09 3.392696380615234375e-04 1.545877456665039062e-01
1.692194121333003521e+09 3.805160522460937500e-04 1.802906990051269531e-01
1.692194127555294991e+09 2.906322479248046875e-04 1.770517826080322266e-01
1.692194133749056101e+09 5.497932434082031250e-04 1.481661796569824219e-01
1.692194139922149897e+09 2.632141113281250000e-04 2.070577144622802734e-01
1.692194146183507442e+09 2.388954162597656250e-04 9.282493591308593750e-02
1.692194152364682913e+09 2.400875091552734375e-04 2.186334133148193359e-01
1.692194158600650072e+09 4.861354827880859375e-04 1.627855300903320312e-01
1.692194164835199833e+09 2.441406250000000000e-04 1.110086441040039062e-01
1.692194170983041763e+09 6.434917449951171875e-04 1.264517307281494141e-01
1.692194177203016996e+09 3.480911254882812500e-04 1.205046176910400391e-01
1.692194183392492771e+09 1.540899276733398438e-03 8.713006973266601562e-02
1.692194189573340893e+09 2.619028091430664062e-03 2.125177383422851562e-01
1.692194195907846451e+09 2.193450927734375000e-04 5.231046676635742188e-02
1.692194202024007797e+09 6.377696990966796875e-04 1.629686355590820312e-01
1.692194208237012625e+09 6.222724914550781250e-04 2.389569282531738281e-01
1.692194214518214703e+09 4.658699035644531250e-04 2.117700576782226562e-01
1.692194220809791565e+09 9.231567382812500000e-04 1.435410976409912109e-01
1.692194227017907143e+09 4.737377166748046875e-04 1.383726596832275391e-01
1.692194233217223406e+09 1.388549804687500000e-03 1.002342700958251953e-01
1.692194239385714531e+09 3.650188446044921875e-04 2.077531814575195312e-01
1.692194245680858612e+09 4.014968872070312500e-04 1.423828601837158203e-01
1.692194251916520834e+09 2.410411834716796875e-04 1.095030307769775391e-01
1.692194258080833673e+09 9.038448333740234375e-04 1.162474155426025391e-01
1.692194264293178082e+09 5.090236663818359375e-04 1.525359153747558594e-01
1.692194270534936428e+09 7.248878479003906250e-03 2.035827636718750000e-01
1.692194276795113087e+09 5.583763122558593750e-04 2.476818561553955078e-01
1.692194283127188921e+09 2.534389495849609375e-04 1.149947643280029297e-01
