1.692260839802568913e+09 2.825260162353515625e-04 1.944894790649414062e-01
1.692260846098174095e+09 8.082389831542968750e-04 2.716081142425537109e-01
1.692260852477113008e+09 2.488851547241210938e-03 2.215487957000732422e-01
1.692260858836800098e+09 5.574226379394531250e-04 1.664633750915527344e-01
1.692260865181436777e+09 3.890991210937500000e-04 1.251118183135986328e-01
1.692260871427803755e+09 3.526210784912109375e-04 5.866670608520507812e-02
1.692260877462176085e+09 3.466606140136718750e-04 1.263813972473144531e-01
1.692260883528737068e+09 4.012584686279296875e-04 1.409521102905273438e-01
1.692260889844719887e+09 2.574920654296875000e-04 7.753753662109375000e-02
1.692260895979332924e+09 2.276897430419921875e-04 7.014679908752441406e-02
1.692260902172281265e+09 4.067420959472656250e-04 1.269176006317138672e-01
1.692260908249495745e+09 2.806186676025390625e-04 2.204604148864746094e-01
1.692260914425455570e+09 8.661746978759765625e-04 7.748651504516601562e-02
1.692260920696470737e+09 2.477169036865234375e-04 1.308937072753906250e-01
1.692260926932742834e+09 2.584457397460937500e-04 1.530926227569580078e-01
1.692260933191461086e+09 5.531311035156250000e-04 7.175135612487792969e-02
1.692260939477016687e+09 3.602504730224609375e-04 1.416225433349609375e-01
1.692260945645202160e+09 2.460479736328125000e-04 1.732678413391113281e-01
1.692260951981862068e+09 9.210109710693359375e-04 8.770966529846191406e-02
1.692260958093657732e+09 4.928112030029296875e-04 2.936189174652099609e-01
1.692260964298921108e+09 8.556842803955078125e-04 1.745600700378417969e-01
1.692260970403239489e+09 3.917217254638671875e-04 1.901292800903320312e-01
1.692260976699589252e+09 3.302097320556640625e-04 1.679015159606933594e-01
1.692260982870848417e+09 3.407001495361328125e-04 2.104501724243164062e-01
1.692260989012999296e+09 3.683567047119140625e-04 1.818513870239257812e-01
1.692260995300024509e+09 2.529621124267578125e-04 1.186602115631103516e-01
1.692261001520665407e+09 5.180835723876953125e-04 1.306481361389160156e-01
1.692261007840392351e+09 2.326965332031250000e-04 1.302442550659179688e-01
1.692261014234405518e+09 3.006458282470703125e-04 1.283991336822509766e-01
1.692261020533034325e+09 2.288818359375000000e-04 2.090551853179931641e-01
