1.692195995666511536e+09 3.519058227539062500e-04 1.779923439025878906e-01
1.692196001941240072e+09 2.386569976806640625e-04 1.674950122833251953e-01
1.692196008130252361e+09 3.149509429931640625e-04 6.681180000305175781e-02
1.692196014232196569e+09 2.322196960449218750e-04 1.257274150848388672e-01
1.692196020390727997e+09 2.403736114501953125e-03 1.127221584320068359e-01
1.692196026593024731e+09 2.727508544921875000e-04 1.476454734802246094e-01
1.692196032812058687e+09 5.245208740234375000e-04 2.834508419036865234e-01
1.692196039165188551e+09 7.026195526123046875e-04 1.286263465881347656e-01
1.692196045296899557e+09 2.429485321044921875e-04 2.085206508636474609e-01
1.692196051578975677e+09 3.592967987060546875e-04 1.494541168212890625e-01
1.692196057815296888e+09 2.388954162597656250e-04 5.327391624450683594e-02
1.692196063920674324e+09 2.307891845703125000e-04 1.580860614776611328e-01
1.692196070123742104e+09 1.582622528076171875e-03 1.355156898498535156e-01
1.692196076305200338e+09 2.551078796386718750e-04 5.454635620117187500e-02
1.692196082417576790e+09 2.381801605224609375e-04 2.149281501770019531e-01
1.692196088678688049e+09 2.443790435791015625e-04 2.188868522644042969e-01
1.692196094982385397e+09 7.922649383544921875e-04 1.182503700256347656e-01
1.692196101188199520e+09 2.474784851074218750e-04 1.739401817321777344e-01
1.692196107436825275e+09 2.562999725341796875e-04 1.278111934661865234e-01
1.692196113590677261e+09 2.341270446777343750e-04 1.387724876403808594e-01
1.692196119801998615e+09 5.602836608886718750e-04 1.642675399780273438e-01
1.692196126034333467e+09 2.686977386474609375e-04 6.604290008544921875e-02
1.692196132129075527e+09 2.231597900390625000e-04 8.915829658508300781e-02
1.692196138254525661e+09 4.243850708007812500e-04 1.614775657653808594e-01
1.692196144426416397e+09 2.329349517822265625e-04 6.330704689025878906e-02
1.692196150529470444e+09 3.402233123779296875e-04 1.563434600830078125e-01
1.692196156720371962e+09 3.004074096679687500e-04 1.517212390899658203e-01
1.692196162918658257e+09 2.956390380859375000e-04 1.154103279113769531e-01
1.692196169079478979e+09 2.908706665039062500e-04 1.235747337341308594e-01
1.692196175287146330e+09 2.841949462890625000e-04 1.052436828613281250e-01
