1.692262829042083025e+09 1.223564147949218750e-03 6.760787963867187500e-02
1.692262834912021399e+09 1.962184906005859375e-04 9.279179573059082031e-02
1.692262840961029291e+09 3.263950347900390625e-03 7.550835609436035156e-02
1.692262847120413780e+09 3.724098205566406250e-04 7.130885124206542969e-02
1.692262853311940670e+09 8.244514465332031250e-04 3.875589370727539062e-02
1.692262859282333374e+09 4.935264587402343750e-04 9.876585006713867188e-02
1.692262865440498590e+09 5.683898925781250000e-04 5.415201187133789062e-02
1.692262871595524311e+09 7.846355438232421875e-04 4.817986488342285156e-02
1.692262877690197229e+09 1.749992370605468750e-04 9.384894371032714844e-02
1.692262883839290142e+09 5.686283111572265625e-04 1.097366809844970703e-01
1.692262889951823950e+09 5.381107330322265625e-04 4.521989822387695312e-02
1.692262895986514330e+09 1.778602600097656250e-04 3.292417526245117188e-02
1.692262901972210646e+09 5.059242248535156250e-04 3.332638740539550781e-02
1.692262908074467659e+09 2.048015594482421875e-04 7.744908332824707031e-02
1.692262914216441154e+09 5.025863647460937500e-04 4.099059104919433594e-02
1.692262920482749939e+09 2.143383026123046875e-04 7.859110832214355469e-02
1.692262926735449314e+09 5.528926849365234375e-04 5.242538452148437500e-02
1.692262932893084288e+09 4.947185516357421875e-04 5.810904502868652344e-02
1.692262938997341156e+09 5.435943603515625000e-04 4.503059387207031250e-02
1.692262944786426544e+09 4.513740539550781250e-03 8.707380294799804688e-02
1.692262951050140381e+09 5.488395690917968750e-04 1.241390705108642578e-01
1.692262957365549803e+09 2.372264862060546875e-04 4.301476478576660156e-02
1.692262963481922626e+09 2.495050430297851562e-03 9.023523330688476562e-02
1.692262969641298294e+09 5.617141723632812500e-04 8.249807357788085938e-02
1.692262975724372625e+09 5.064010620117187500e-04 5.377554893493652344e-02
1.692262981994829178e+09 8.902549743652343750e-04 6.165289878845214844e-02
1.692262988103392363e+09 1.788139343261718750e-04 7.976055145263671875e-02
1.692262994020585775e+09 2.598762512207031250e-04 3.929901123046875000e-02
1.692262999979264736e+09 8.704662322998046875e-04 5.183506011962890625e-02
1.692263005995579481e+09 8.032321929931640625e-04 1.034464836120605469e-01
