1.692213920709638119e+09 5.657672882080078125e-04 4.394578933715820312e-02
1.692213926854907274e+09 2.026557922363281250e-04 8.603215217590332031e-02
1.692213933000430107e+09 5.354881286621093750e-04 1.007437705993652344e-01
1.692213939111501217e+09 1.993179321289062500e-04 3.498435020446777344e-02
1.692213945243745565e+09 5.261898040771484375e-04 4.035544395446777344e-02
1.692213951351066351e+09 4.210472106933593750e-04 6.940436363220214844e-02
1.692213957478144884e+09 1.986026763916015625e-04 8.017373085021972656e-02
1.692213963604884148e+09 4.351139068603515625e-04 3.623008728027343750e-02
1.692213969646499395e+09 5.717277526855468750e-04 4.725384712219238281e-02
1.692213975758554220e+09 2.710819244384765625e-04 4.434061050415039062e-02
1.692213981853719473e+09 1.840591430664062500e-04 5.121731758117675781e-02
1.692213987960202456e+09 3.517866134643554688e-03 1.014328002929687500e-01
1.692213994133187532e+09 2.183914184570312500e-04 3.922319412231445312e-02
1.692214000247893095e+09 2.913475036621093750e-04 6.074166297912597656e-02
1.692214006370359898e+09 4.508972167968750000e-03 1.127574443817138672e-01
1.692214012552258730e+09 2.307891845703125000e-04 4.141163825988769531e-02
1.692214018654610634e+09 3.070831298828125000e-04 6.460738182067871094e-02
1.692214024777907372e+09 4.625320434570312500e-04 7.000231742858886719e-02
1.692214030884926558e+09 5.682468414306640625e-03 8.968663215637207031e-02
1.692214037014008760e+09 2.148151397705078125e-04 4.649877548217773438e-02
1.692214043156039000e+09 2.980232238769531250e-04 1.075179576873779297e-01
1.692214049325902462e+09 4.155635833740234375e-04 3.719019889831542969e-02
1.692214055447600603e+09 5.433559417724609375e-04 4.780054092407226562e-02
1.692214061558946848e+09 1.854896545410156250e-04 8.627605438232421875e-02
1.692214067697330952e+09 4.999637603759765625e-04 4.559302330017089844e-02
1.692214073756437063e+09 7.059574127197265625e-04 3.980255126953125000e-02
1.692214079852751255e+09 4.346370697021484375e-04 7.692909240722656250e-02
1.692214085986451864e+09 1.835823059082031250e-04 8.676958084106445312e-02
1.692214092117470264e+09 2.093315124511718750e-04 6.963109970092773438e-02
1.692214098280612469e+09 2.048015594482421875e-04 6.965231895446777344e-02
