1.692261882854970932e+09 6.883144378662109375e-04 5.809426307678222656e-02
1.692261889114529610e+09 5.898475646972656250e-04 8.967685699462890625e-02
1.692261895345947981e+09 5.474090576171875000e-04 4.483723640441894531e-02
1.692261901600843668e+09 2.140998840332031250e-04 3.628253936767578125e-02
1.692261907693223715e+09 2.424716949462890625e-04 8.804869651794433594e-02
1.692261913855605125e+09 2.284049987792968750e-04 4.612469673156738281e-02
1.692261920000089884e+09 1.552343368530273438e-03 8.191013336181640625e-02
1.692261926154275656e+09 8.656024932861328125e-03 8.446526527404785156e-02
1.692261932554180622e+09 5.412101745605468750e-04 7.177853584289550781e-02
1.692261938827974558e+09 5.838871002197265625e-04 4.373931884765625000e-02
1.692261944699290276e+09 3.591775894165039062e-03 8.069586753845214844e-02
1.692261950839332581e+09 2.081394195556640625e-04 3.959512710571289062e-02
1.692261956993520737e+09 1.978874206542968750e-04 4.770374298095703125e-02
1.692261962902863026e+09 8.304119110107421875e-04 4.612255096435546875e-02
1.692261969104590178e+09 4.541873931884765625e-04 6.853938102722167969e-02
1.692261975223071098e+09 8.294582366943359375e-04 4.301238059997558594e-02
1.692261981201543093e+09 3.899812698364257812e-03 7.222652435302734375e-02
1.692261987334121466e+09 3.061294555664062500e-04 4.503035545349121094e-02
1.692261993299508572e+09 5.171298980712890625e-04 4.946446418762207031e-02
1.692261999505927086e+09 5.202293395996093750e-04 4.145359992980957031e-02
1.692262005698011160e+09 5.388259887695312500e-04 4.406476020812988281e-02
1.692262011702816725e+09 1.883506774902343750e-04 8.497333526611328125e-02
1.692262017745185137e+09 3.771781921386718750e-04 3.556203842163085938e-02
1.692262023889778852e+09 5.109310150146484375e-04 4.832482337951660156e-02
1.692262029904525042e+09 1.792907714843750000e-04 7.859158515930175781e-02
1.692262036054522276e+09 6.098747253417968750e-04 4.219651222229003906e-02
1.692262042098700523e+09 1.749992370605468750e-04 3.711748123168945312e-02
1.692262048191844463e+09 3.931522369384765625e-04 3.150749206542968750e-02
1.692262054386950970e+09 2.851486206054687500e-04 8.239197731018066406e-02
1.692262060547418118e+09 7.534027099609375000e-04 5.684971809387207031e-02
