1.692268819861095667e+09 2.503871917724609375e-03 7.810354232788085938e-02
1.692268826056761026e+09 6.229877471923828125e-04 1.052689552307128906e-01
1.692268832265701294e+09 1.986026763916015625e-04 7.530856132507324219e-02
1.692268838643844843e+09 2.055168151855468750e-04 8.209180831909179688e-02
1.692268844569770336e+09 9.822845458984375000e-04 7.037281990051269531e-02
1.692268850433294773e+09 8.010864257812500000e-04 1.001205444335937500e-01
1.692268856662482977e+09 8.678436279296875000e-04 1.146879196166992188e-01
1.692268862878828287e+09 1.897811889648437500e-04 3.952193260192871094e-02
1.692268868996992350e+09 5.183219909667968750e-04 4.981565475463867188e-02
1.692268875209742785e+09 5.238056182861328125e-04 4.336309432983398438e-02
1.692268881203691483e+09 8.921623229980468750e-04 8.169603347778320312e-02
1.692268887471753836e+09 5.507469177246093750e-04 5.138587951660156250e-02
1.692268893710718870e+09 3.515005111694335938e-03 7.714128494262695312e-02
1.692268899838285446e+09 5.207061767578125000e-04 4.538607597351074219e-02
1.692268905805183172e+09 5.409717559814453125e-04 4.744672775268554688e-02
1.692268912007447958e+09 5.064010620117187500e-04 1.208384037017822266e-01
1.692268918281131506e+09 3.786087036132812500e-04 7.934188842773437500e-02
1.692268924437802792e+09 5.068778991699218750e-04 5.546379089355468750e-02
1.692268930415491819e+09 5.092620849609375000e-04 4.993915557861328125e-02
1.692268936510325909e+09 5.483627319335937500e-04 1.087639331817626953e-01
1.692268942569234610e+09 1.744747161865234375e-03 9.227705001831054688e-02
1.692268948751789331e+09 2.107620239257812500e-04 6.178116798400878906e-02
1.692268954922272921e+09 5.271434783935546875e-04 5.034589767456054688e-02
1.692268961210591078e+09 8.678436279296875000e-04 6.181120872497558594e-02
1.692268967523578882e+09 6.675720214843750000e-04 4.649186134338378906e-02
1.692268973708877802e+09 5.288124084472656250e-04 1.219677925109863281e-01
1.692268979985110998e+09 8.335113525390625000e-04 1.160688400268554688e-01
1.692268986178665400e+09 5.438327789306640625e-04 4.930281639099121094e-02
1.692268992209382296e+09 5.514621734619140625e-04 1.272296905517578125e-01
1.692268998088816166e+09 1.986026763916015625e-04 4.110050201416015625e-02
