1.692268096641557455e+09 1.032590866088867188e-03 8.641004562377929688e-02
1.692268102731657028e+09 2.753734588623046875e-04 5.281448364257812500e-02
1.692268108891317129e+09 2.641677856445312500e-04 8.887910842895507812e-02
1.692268114928570747e+09 4.012584686279296875e-04 4.737830162048339844e-02
1.692268120986526966e+09 5.841255187988281250e-04 1.480216979980468750e-01
1.692268127288455725e+09 1.142501831054687500e-03 1.347079277038574219e-01
1.692268133377650261e+09 2.610683441162109375e-04 1.191594600677490234e-01
1.692268139466609478e+09 2.770423889160156250e-04 5.822706222534179688e-02
1.692268145501734257e+09 2.601146697998046875e-04 1.538138389587402344e-01
1.692268151595845938e+09 4.012584686279296875e-04 1.156134605407714844e-01
1.692268157655299664e+09 3.695487976074218750e-04 1.212596893310546875e-01
1.692268163862972736e+09 2.658367156982421875e-04 1.522364616394042969e-01
1.692268169990774393e+09 3.354549407958984375e-04 9.969615936279296875e-02
1.692268176243562937e+09 9.024143218994140625e-04 1.270308494567871094e-01
1.692268182383720875e+09 3.359317779541015625e-04 1.221525669097900391e-01
1.692268188661730766e+09 2.477169036865234375e-04 1.750991344451904297e-01
1.692268195019506216e+09 2.813339233398437500e-04 1.159667968750000000e-01
1.692268201254992008e+09 9.264945983886718750e-04 1.788892745971679688e-01
1.692268207325109482e+09 3.859996795654296875e-04 7.552146911621093750e-02
1.692268213315163851e+09 3.547668457031250000e-04 1.181056499481201172e-01
1.692268219464187145e+09 2.644062042236328125e-04 5.617928504943847656e-02
1.692268225398495436e+09 2.691745758056640625e-04 1.809780597686767578e-01
1.692268231746788263e+09 1.121520996093750000e-03 9.356880187988281250e-02
1.692268237748412848e+09 2.892017364501953125e-04 1.292200088500976562e-01
1.692268243967917681e+09 2.782344818115234375e-04 1.238031387329101562e-01
1.692268250063017368e+09 3.101825714111328125e-04 1.041514873504638672e-01
1.692268256361127853e+09 4.923343658447265625e-04 6.923604011535644531e-02
1.692268262310455322e+09 1.017093658447265625e-03 1.477942466735839844e-01
1.692268268598398209e+09 2.865791320800781250e-04 1.194787025451660156e-01
1.692268274758374214e+09 4.131793975830078125e-04 9.465098381042480469e-02
