1.692204515096929550e+09 5.543231964111328125e-04 1.884691715240478516e-01
1.692204521297755957e+09 2.460479736328125000e-04 1.344990730285644531e-01
1.692204527534042597e+09 3.427743911743164062e-03 1.675963401794433594e-01
1.692204533778703690e+09 6.539821624755859375e-04 2.416791915893554688e-01
1.692204540043426275e+09 3.602504730224609375e-04 7.253599166870117188e-02
1.692204546170792341e+09 2.448558807373046875e-04 1.264894008636474609e-01
1.692204552324892282e+09 2.891302108764648438e-03 9.385371208190917969e-02
1.692204558495000124e+09 2.331733703613281250e-04 1.562011241912841797e-01
1.692204564657123804e+09 1.056194305419921875e-03 2.320253849029541016e-01
1.692204570951061010e+09 2.427101135253906250e-04 1.314463615417480469e-01
1.692204577133259535e+09 2.603530883789062500e-04 1.022572517395019531e-01
1.692204583306978703e+09 6.060600280761718750e-04 1.363022327423095703e-01
1.692204589540165186e+09 2.696514129638671875e-04 6.657338142395019531e-02
1.692204595664586067e+09 2.901554107666015625e-04 1.698696613311767578e-01
1.692204601868319273e+09 2.577304840087890625e-04 9.311676025390625000e-02
1.692204607991181135e+09 3.783702850341796875e-04 1.546790599822998047e-01
1.692204614152947187e+09 2.717971801757812500e-04 5.719828605651855469e-02
1.692204620255845547e+09 2.911090850830078125e-04 6.247854232788085938e-02
1.692204626361184597e+09 2.403259277343750000e-04 2.128834724426269531e-01
1.692204632616437912e+09 2.343654632568359375e-04 1.171498298645019531e-01
1.692204638836903572e+09 2.527236938476562500e-04 1.930549144744873047e-01
1.692204645090966940e+09 2.534389495849609375e-04 1.566922664642333984e-01
1.692204651254359484e+09 2.450942993164062500e-04 5.185937881469726562e-02
1.692204657350135088e+09 2.987384796142578125e-04 6.255650520324707031e-02
1.692204663461143017e+09 2.446174621582031250e-04 1.315038204193115234e-01
1.692204669629999638e+09 2.555847167968750000e-04 5.217003822326660156e-02
1.692204675750093222e+09 3.526210784912109375e-04 1.085524559020996094e-01
1.692204681908452511e+09 3.266334533691406250e-04 1.704812049865722656e-01
1.692204688179109335e+09 2.515316009521484375e-04 1.887798309326171875e-01
1.692204694386339188e+09 5.934238433837890625e-04 1.212856769561767578e-01
