1.692222425354389429e+09 1.135826110839843750e-03 1.357886791229248047e-01
1.692222431593375206e+09 2.527236938476562500e-04 5.458664894104003906e-02
1.692222437709147215e+09 3.261566162109375000e-04 5.329084396362304688e-02
1.692222443810689449e+09 2.560615539550781250e-04 7.962369918823242188e-02
1.692222449934360027e+09 2.396106719970703125e-04 1.239449977874755859e-01
1.692222456077883244e+09 5.242824554443359375e-04 1.375808715820312500e-01
1.692222462312430620e+09 2.462863922119140625e-04 1.131799221038818359e-01
1.692222468471210480e+09 2.431869506835937500e-04 1.903564929962158203e-01
1.692222474746914864e+09 1.476526260375976562e-03 1.158635616302490234e-01
1.692222480877887011e+09 1.127243041992187500e-03 1.706187725067138672e-01
1.692222487132693291e+09 2.758502960205078125e-04 1.178627014160156250e-01
1.692222493274728060e+09 2.369880676269531250e-04 1.598408222198486328e-01
1.692222499514130354e+09 1.118183135986328125e-03 1.307389736175537109e-01
1.692222505702109098e+09 5.099773406982421875e-04 1.481127738952636719e-01
1.692222511906419277e+09 2.591609954833984375e-04 1.243777275085449219e-01
1.692222518078799725e+09 2.381801605224609375e-04 1.207842826843261719e-01
1.692222524275685072e+09 3.180742263793945312e-03 1.781196594238281250e-01
1.692222530548105955e+09 8.602142333984375000e-04 1.727221012115478516e-01
1.692222536738731861e+09 2.331733703613281250e-04 1.218891143798828125e-01
1.692222542878589630e+09 1.062035560607910156e-02 1.722707748413085938e-01
1.692222549142755508e+09 5.532979965209960938e-03 1.612040996551513672e-01
1.692222555323246717e+09 2.467632293701171875e-04 5.705428123474121094e-02
1.692222561411590338e+09 2.388954162597656250e-04 1.654584407806396484e-01
1.692222567619798899e+09 2.562999725341796875e-04 1.149449348449707031e-01
1.692222573769387484e+09 2.436637878417968750e-04 1.175413131713867188e-01
1.692222579971769810e+09 2.954006195068359375e-04 1.286449432373046875e-01
1.692222586183917284e+09 2.412796020507812500e-04 1.570031642913818359e-01
1.692222592419733763e+09 2.462863922119140625e-04 1.244111061096191406e-01
1.692222598582416058e+09 9.341239929199218750e-04 2.254090309143066406e-01
1.692222604884465694e+09 1.899480819702148438e-03 9.612345695495605469e-02
