1.692196311312038898e+09 2.839565277099609375e-04 1.035881042480468750e-01
1.692196317418313980e+09 1.212120056152343750e-03 1.778612136840820312e-01
1.692196323696526527e+09 2.567768096923828125e-04 6.334400177001953125e-02
1.692196329775796175e+09 1.047801971435546875e-02 1.754093170166015625e-01
1.692196336005887985e+09 6.756782531738281250e-04 1.723210811614990234e-01
1.692196342204591513e+09 3.907680511474609375e-04 7.327198982238769531e-02
1.692196348288652658e+09 3.440380096435546875e-04 1.392328739166259766e-01
1.692196354452621460e+09 6.012916564941406250e-04 9.080815315246582031e-02
1.692196360618716717e+09 7.864713668823242188e-03 6.556344032287597656e-02
1.692196366788587332e+09 2.429485321044921875e-04 3.261885643005371094e-01
1.692196373138624430e+09 2.641677856445312500e-04 1.355857849121093750e-01
1.692196379352278948e+09 2.868175506591796875e-04 1.294226646423339844e-01
1.692196385546827316e+09 2.400875091552734375e-04 1.164357662200927734e-01
1.692196391729463339e+09 6.915092468261718750e-03 1.517713069915771484e-01
1.692196397994822741e+09 2.682209014892578125e-04 1.710169315338134766e-01
1.692196404198763371e+09 4.761219024658203125e-04 1.428959369659423828e-01
1.692196410356729031e+09 2.472400665283203125e-04 7.847356796264648438e-02
1.692196416496336699e+09 2.660751342773437500e-04 1.232631206512451172e-01
1.692196422635709286e+09 2.160072326660156250e-04 1.596524715423583984e-01
1.692196428872403622e+09 1.026391983032226562e-03 9.611320495605468750e-02
1.692196435011771679e+09 6.303787231445312500e-04 1.487703323364257812e-01
1.692196441166181803e+09 2.410411834716796875e-04 1.355476379394531250e-01
1.692196447353095055e+09 3.471374511718750000e-04 1.447021961212158203e-01
1.692196453558202982e+09 3.373622894287109375e-04 2.017722129821777344e-01
1.692196459814977884e+09 3.523826599121093750e-04 1.172294616699218750e-01
1.692196466030546427e+09 2.529621124267578125e-04 1.831259727478027344e-01
1.692196472296604633e+09 4.049301147460937500e-03 2.688891887664794922e-01
1.692196478595004797e+09 2.083778381347656250e-04 1.730246543884277344e-01
1.692196484790094137e+09 5.645751953125000000e-04 8.899426460266113281e-02
1.692196490914884329e+09 7.474422454833984375e-04 8.799815177917480469e-02
