1.692262198510532856e+09 6.749629974365234375e-04 4.713654518127441406e-02
1.692262204658716440e+09 1.978874206542968750e-04 4.483318328857421875e-02
1.692262210753625870e+09 5.726814270019531250e-04 4.654955863952636719e-02
1.692262216958371639e+09 3.423690795898437500e-04 6.573534011840820312e-02
1.692262223175798655e+09 8.606910705566406250e-04 8.663463592529296875e-02
1.692262229320356131e+09 5.202293395996093750e-04 4.746294021606445312e-02
1.692262235358736753e+09 1.742839813232421875e-04 3.483724594116210938e-02
1.692262241345893860e+09 5.569458007812500000e-04 8.476567268371582031e-02
1.692262247596339703e+09 2.386569976806640625e-04 3.709793090820312500e-02
1.692262253747076511e+09 4.659652709960937500e-03 7.788920402526855469e-02
1.692262259897162676e+09 1.978874206542968750e-04 3.761148452758789062e-02
1.692262265847208261e+09 5.409717559814453125e-04 1.078944206237792969e-01
1.692262271919452906e+09 5.414485931396484375e-04 5.244469642639160156e-02
1.692262278163885832e+09 5.614757537841796875e-04 4.074716567993164062e-02
1.692262284352373123e+09 2.903938293457031250e-04 4.035592079162597656e-02
1.692262290450394630e+09 1.940727233886718750e-04 8.570694923400878906e-02
1.692262296804634333e+09 6.527900695800781250e-04 1.155216693878173828e-01
1.692262302927512884e+09 2.248287200927734375e-04 6.059932708740234375e-02
1.692262309071334362e+09 1.736879348754882812e-03 8.896279335021972656e-02
1.692262315217326641e+09 2.110004425048828125e-04 4.103517532348632812e-02
1.692262321150158167e+09 5.574226379394531250e-04 4.380607604980468750e-02
1.692262327155543804e+09 2.231597900390625000e-04 9.572172164916992188e-02
1.692262333418873310e+09 7.015705108642578125e-03 8.112406730651855469e-02
1.692262339514355183e+09 3.705978393554687500e-03 7.665514945983886719e-02
1.692262345501636744e+09 3.428459167480468750e-04 4.839062690734863281e-02
1.692262351658807755e+09 5.977153778076171875e-04 4.797649383544921875e-02
1.692262357859779835e+09 5.884170532226562500e-04 4.310679435729980469e-02
1.692262364055258989e+09 1.881122589111328125e-04 3.856587409973144531e-02
1.692262370347490549e+09 5.350112915039062500e-04 5.016541481018066406e-02
1.692262376562006712e+09 1.244664192199707031e-02 8.440232276916503906e-02
