1.692194733895237446e+09 3.006458282470703125e-04 9.851670265197753906e-02
1.692194740004470110e+09 1.044273376464843750e-03 1.312611103057861328e-01
1.692194746233040810e+09 2.357959747314453125e-04 1.021199226379394531e-01
1.692194752400015116e+09 1.744270324707031250e-03 9.864902496337890625e-02
1.692194758602964401e+09 4.518032073974609375e-04 6.060886383056640625e-02
1.692194764757357836e+09 2.357959747314453125e-04 1.305720806121826172e-01
1.692194770927440405e+09 2.992153167724609375e-04 2.238965034484863281e-01
1.692194777218886137e+09 5.390167236328125000e-03 1.449871063232421875e-01
1.692194783446321011e+09 2.610683441162109375e-04 1.468570232391357422e-01
1.692194789641329050e+09 2.532005310058593750e-04 2.158794403076171875e-01
1.692194795910676241e+09 2.427101135253906250e-04 8.394050598144531250e-02
1.692194802093191147e+09 3.294944763183593750e-04 5.558514595031738281e-02
1.692194808151923418e+09 2.365112304687500000e-04 5.588173866271972656e-02
1.692194814250244379e+09 9.770393371582031250e-04 1.931655406951904297e-01
1.692194820499001503e+09 1.067638397216796875e-03 2.180650234222412109e-01
1.692194826828870773e+09 7.104635238647460938e-03 1.619186401367187500e-01
1.692194833072628021e+09 5.190372467041015625e-04 8.841133117675781250e-02
1.692194839188609838e+09 2.367496490478515625e-04 5.371165275573730469e-02
1.692194845248007059e+09 2.639293670654296875e-04 8.038640022277832031e-02
1.692194851378262520e+09 2.946853637695312500e-04 2.109754085540771484e-01
1.692194857605889082e+09 2.341270446777343750e-04 1.545603275299072266e-01
1.692194863853482962e+09 2.443790435791015625e-04 1.910469532012939453e-01
1.692194870086048603e+09 4.413127899169921875e-04 1.158599853515625000e-01
1.692194876218002081e+09 2.191066741943359375e-04 1.374976634979248047e-01
1.692194882448783159e+09 3.495216369628906250e-04 7.311224937438964844e-02
1.692194888568541527e+09 2.677440643310546875e-04 1.188352108001708984e-01
1.692194894718163013e+09 4.372596740722656250e-04 1.287896633148193359e-01
1.692194900932893991e+09 6.361007690429687500e-04 2.612538337707519531e-01
1.692194907259881496e+09 2.467632293701171875e-04 1.159715652465820312e-01
1.692194913410537720e+09 2.515316009521484375e-04 1.831676959991455078e-01
