1.692216442935141563e+09 2.577304840087890625e-04 3.270697593688964844e-02
1.692216449052059412e+09 8.816719055175781250e-04 1.003737449645996094e-01
1.692216455223019123e+09 5.974769592285156250e-04 8.775901794433593750e-02
1.692216461421905041e+09 1.690149307250976562e-03 8.878707885742187500e-02
1.692216467609667063e+09 8.351802825927734375e-04 3.762507438659667969e-02
1.692216473660418749e+09 4.944801330566406250e-04 5.296683311462402344e-02
1.692216479773352146e+09 3.658533096313476562e-03 7.152676582336425781e-02
1.692216485897041082e+09 6.124973297119140625e-04 5.292177200317382812e-02
1.692216491973717451e+09 5.080699920654296875e-04 3.982043266296386719e-02
1.692216498059738398e+09 9.584426879882812500e-04 7.948756217956542969e-02
1.692216504207017422e+09 5.500316619873046875e-04 4.435181617736816406e-02
1.692216510264254808e+09 9.982585906982421875e-04 7.415223121643066406e-02
1.692216516402974129e+09 5.688667297363281250e-04 4.232454299926757812e-02
1.692216522462797403e+09 1.565694808959960938e-03 6.323552131652832031e-02
1.692216528584972858e+09 6.201267242431640625e-04 3.926873207092285156e-02
1.692216534682078838e+09 1.900196075439453125e-04 6.850099563598632812e-02
1.692216540793086290e+09 5.810260772705078125e-04 3.916931152343750000e-02
1.692216546859324932e+09 5.879402160644531250e-04 1.039004325866699219e-01
1.692216553024618149e+09 2.727508544921875000e-04 4.382944107055664062e-02
1.692216559164588451e+09 2.000331878662109375e-04 2.817535400390625000e-02
1.692216565265676975e+09 4.899501800537109375e-04 8.270096778869628906e-02
1.692216571414181471e+09 5.297660827636718750e-04 3.956413269042968750e-02
1.692216577460755110e+09 5.309581756591796875e-04 4.032564163208007812e-02
1.692216583560341120e+09 3.585815429687500000e-04 6.964015960693359375e-02
1.692216589688979387e+09 3.532409667968750000e-03 6.940698623657226562e-02
1.692216595800042868e+09 6.155967712402343750e-04 3.826999664306640625e-02
1.692216601859986305e+09 2.715587615966796875e-04 3.555560111999511719e-02
1.692216607955501795e+09 1.862049102783203125e-04 8.184385299682617188e-02
1.692216614121425867e+09 4.642009735107421875e-04 7.536530494689941406e-02
1.692216620296349287e+09 6.754398345947265625e-04 9.110069274902343750e-02
