1.692210451745943069e+09 3.385543823242187500e-04 3.980350494384765625e-02
1.692210457891816854e+09 9.124279022216796875e-04 7.822132110595703125e-02
1.692210464038049936e+09 4.775524139404296875e-04 9.441018104553222656e-02
1.692210470228777647e+09 5.683898925781250000e-04 9.127807617187500000e-02
1.692210476325117350e+09 5.576610565185546875e-04 4.328918457031250000e-02
1.692210482377945900e+09 5.009174346923828125e-04 3.869175910949707031e-02
1.692210488473172188e+09 5.481243133544921875e-04 3.949165344238281250e-02
1.692210494571317911e+09 7.839202880859375000e-04 7.013607025146484375e-02
1.692210500708247662e+09 8.082389831542968750e-04 5.603218078613281250e-02
1.692210506792428970e+09 5.016326904296875000e-04 3.888082504272460938e-02
1.692210512872952700e+09 2.560615539550781250e-04 5.764007568359375000e-02
1.692210518990561962e+09 2.145767211914062500e-04 1.004519462585449219e-01
1.692210525146248579e+09 4.384517669677734375e-04 6.486248970031738281e-02
1.692210531297446728e+09 3.743171691894531250e-04 9.254193305969238281e-02
1.692210537445380926e+09 3.376007080078125000e-04 3.900885581970214844e-02
1.692210543571119547e+09 2.522468566894531250e-04 6.373167037963867188e-02
1.692210549698977232e+09 4.782676696777343750e-04 1.103868484497070312e-01
1.692210555855001926e+09 1.969337463378906250e-04 7.859230041503906250e-02
1.692210562014706135e+09 5.173683166503906250e-04 1.048827171325683594e-01
1.692210568139104128e+09 3.204107284545898438e-03 7.030200958251953125e-02
1.692210574310210228e+09 5.254745483398437500e-04 8.517026901245117188e-02
1.692210580418895483e+09 5.087852478027343750e-04 3.805780410766601562e-02
1.692210586471744061e+09 2.794265747070312500e-04 6.212329864501953125e-02
1.692210592596270800e+09 5.512237548828125000e-04 1.087746620178222656e-01
1.692210598759410858e+09 1.962184906005859375e-04 9.360051155090332031e-02
1.692210604940685987e+09 3.972053527832031250e-04 4.945921897888183594e-02
1.692210611081359148e+09 2.319812774658203125e-04 6.525349617004394531e-02
1.692210617201175690e+09 1.955032348632812500e-04 8.327817916870117188e-02
1.692210623336890221e+09 8.180856704711914062e-03 8.197140693664550781e-02
1.692210629534128189e+09 7.779598236083984375e-04 8.407759666442871094e-02
