1.692223687459536076e+09 4.014968872070312500e-04 1.164963245391845703e-01
1.692223693677019358e+09 7.429122924804687500e-04 2.444226741790771484e-01
1.692223700023946762e+09 2.672672271728515625e-04 6.093382835388183594e-02
1.692223706144800186e+09 3.976821899414062500e-04 9.530735015869140625e-02
1.692223712255874395e+09 8.420944213867187500e-04 6.303596496582031250e-02
1.692223718324442148e+09 4.026889801025390625e-04 9.493589401245117188e-02
1.692223724469341040e+09 2.386569976806640625e-04 8.111643791198730469e-02
1.692223730641344547e+09 7.187366485595703125e-03 6.101036071777343750e-02
1.692223736728759766e+09 2.903938293457031250e-04 1.464931964874267578e-01
1.692223742907984972e+09 3.051757812500000000e-04 2.269518375396728516e-01
1.692223749197437048e+09 5.695819854736328125e-04 1.614971160888671875e-01
1.692223755434453726e+09 2.634525299072265625e-04 1.259486675262451172e-01
1.692223761595753193e+09 8.044242858886718750e-04 2.531135082244873047e-01
1.692223767940196991e+09 6.917953491210937500e-03 1.501016616821289062e-01
1.692223774155794144e+09 3.287792205810546875e-04 1.596422195434570312e-01
1.692223780326129436e+09 3.674030303955078125e-04 1.188642978668212891e-01
1.692223786479719877e+09 2.537965774536132812e-03 1.480662822723388672e-01
1.692223792713326216e+09 3.373622894287109375e-04 1.655642986297607422e-01
1.692223798933276892e+09 5.643367767333984375e-04 1.666164398193359375e-01
1.692223805132438421e+09 3.108978271484375000e-04 4.994821548461914062e-02
1.692223811218301535e+09 2.868175506591796875e-04 1.288716793060302734e-01
1.692223817396902800e+09 2.644062042236328125e-04 5.848073959350585938e-02
1.692223823518719435e+09 2.648830413818359375e-04 1.127190589904785156e-01
1.692223829673085213e+09 2.503395080566406250e-04 1.283962726593017578e-01
1.692223835890516996e+09 5.316734313964843750e-04 9.748911857604980469e-02
1.692223842082921505e+09 3.798007965087890625e-04 1.815814971923828125e-01
1.692223848342178583e+09 3.159046173095703125e-04 8.187580108642578125e-02
1.692223854456193924e+09 2.536773681640625000e-04 1.144378185272216797e-01
1.692223860591330290e+09 6.062984466552734375e-04 1.505274772644042969e-01
1.692223866817109823e+09 2.524852752685546875e-04 1.870269775390625000e-01
