1.692216746158493280e+09 4.346370697021484375e-04 1.070961952209472656e-01
1.692216752368001699e+09 1.838922500610351562e-03 1.230759620666503906e-01
1.692216758587642431e+09 2.417564392089843750e-04 1.069631576538085938e-01
1.692216764770164967e+09 2.477169036865234375e-04 1.757133007049560547e-01
1.692216771032930613e+09 2.536773681640625000e-04 1.050190925598144531e-01
1.692216777162121534e+09 3.054141998291015625e-04 9.670424461364746094e-02
1.692216783354656935e+09 2.381801605224609375e-04 6.842541694641113281e-02
1.692216789435423374e+09 2.238750457763671875e-04 1.216928958892822266e-01
1.692216795582774401e+09 3.869533538818359375e-04 6.046247482299804688e-02
1.692216801719046116e+09 6.344318389892578125e-04 1.091842651367187500e-01
1.692216807886605740e+09 2.460479736328125000e-04 1.235172748565673828e-01
1.692216814081241608e+09 2.932548522949218750e-04 1.049757003784179688e-01
1.692216820264687538e+09 2.455711364746093750e-04 1.221535205841064453e-01
1.692216826400881767e+09 8.741378784179687500e-03 9.746146202087402344e-02
1.692216832570300102e+09 2.259016036987304688e-03 1.656243801116943359e-01
1.692216838826620817e+09 3.592967987060546875e-04 1.855595111846923828e-01
1.692216845042814732e+09 5.843639373779296875e-04 1.312291622161865234e-01
1.692216851192023039e+09 1.142263412475585938e-03 1.050822734832763672e-01
1.692216857392577887e+09 1.069784164428710938e-03 1.518800258636474609e-01
1.692216863620806217e+09 3.473997116088867188e-03 1.775374412536621094e-01
1.692216869841033697e+09 3.633499145507812500e-04 6.890726089477539062e-02
1.692216875926370382e+09 1.219749450683593750e-03 9.445548057556152344e-02
1.692216882065904617e+09 9.198188781738281250e-04 7.613015174865722656e-02
1.692216888239129066e+09 3.530979156494140625e-04 6.946229934692382812e-02
1.692216894327518702e+09 2.408027648925781250e-04 1.239492893218994141e-01
1.692216900480468273e+09 2.946853637695312500e-04 1.808638572692871094e-01
1.692216906740939140e+09 1.791000366210937500e-03 1.028962135314941406e-01
1.692216912873820305e+09 2.865791320800781250e-04 5.009961128234863281e-02
1.692216919006481647e+09 5.238533020019531250e-03 1.684532165527343750e-01
1.692216925237230062e+09 4.133462905883789062e-03 1.025700569152832031e-01
