1.692197258033230782e+09 1.083421707153320312e-02 1.289048194885253906e-01
1.692197264178798914e+09 1.305818557739257812e-03 1.407148838043212891e-01
1.692197270372251749e+09 2.851486206054687500e-04 1.442241668701171875e-01
1.692197276572451591e+09 6.523132324218750000e-04 9.999918937683105469e-02
1.692197282746746540e+09 2.384185791015625000e-04 1.473376750946044922e-01
1.692197288975250483e+09 6.563663482666015625e-04 2.737593650817871094e-01
1.692197295309634686e+09 3.895759582519531250e-04 1.143379211425781250e-01
1.692197301446500063e+09 5.092620849609375000e-04 2.607922554016113281e-01
1.692197307825743437e+09 3.073215484619140625e-04 1.369457244873046875e-01
1.692197314066763639e+09 2.675056457519531250e-04 9.585809707641601562e-02
1.692197320229604959e+09 1.137971878051757812e-03 2.062938213348388672e-01
1.692197326536090612e+09 2.393722534179687500e-04 1.506505012512207031e-01
1.692197332778537750e+09 2.367496490478515625e-04 1.558258533477783203e-01
1.692197338983710051e+09 2.646446228027343750e-04 9.908533096313476562e-02
1.692197345131723881e+09 4.019737243652343750e-04 1.841967105865478516e-01
1.692197351412716866e+09 1.276016235351562500e-03 1.607005596160888672e-01
1.692197357598623276e+09 2.570152282714843750e-04 7.884931564331054688e-02
1.692197363707069874e+09 3.490447998046875000e-04 1.771414279937744141e-01
1.692197369912607908e+09 2.434253692626953125e-04 1.339168548583984375e-01
1.692197376061956167e+09 2.815723419189453125e-04 1.717996597290039062e-01
1.692197382304039240e+09 2.937316894531250000e-04 2.005336284637451172e-01
1.692197388529456615e+09 4.343986511230468750e-04 1.983215808868408203e-01
1.692197394830288649e+09 3.092288970947265625e-04 2.056276798248291016e-01
1.692197401139375210e+09 7.014274597167968750e-04 1.949591636657714844e-01
1.692197407451520920e+09 2.429485321044921875e-04 2.002506256103515625e-01
1.692197413742547989e+09 5.593299865722656250e-04 1.814947128295898438e-01
1.692197420018670321e+09 1.326799392700195312e-03 2.675991058349609375e-01
1.692197426299850464e+09 3.407001495361328125e-04 1.993668079376220703e-01
1.692197432528885603e+09 1.105546951293945312e-03 1.735899448394775391e-01
1.692197438805320263e+09 2.486705780029296875e-04 6.058835983276367188e-02
