1.692267780631134033e+09 5.130767822265625000e-04 1.115028858184814453e-01
1.692267786859292984e+09 3.933906555175781250e-04 2.046308517456054688e-01
1.692267792936242104e+09 1.052856445312500000e-03 1.808912754058837891e-01
1.692267799132681131e+09 2.130985260009765625e-03 2.325263023376464844e-01
1.692267805670717716e+09 2.491474151611328125e-04 6.599617004394531250e-02
1.692267811800484657e+09 3.492832183837890625e-04 1.358122825622558594e-01
1.692267818068804979e+09 3.876686096191406250e-04 1.381859779357910156e-01
1.692267824370059252e+09 1.126527786254882812e-03 2.212321758270263672e-01
1.692267830676228762e+09 2.732276916503906250e-04 1.071033477783203125e-01
1.692267836847301006e+09 9.794235229492187500e-04 2.630786895751953125e-01
1.692267843196002007e+09 2.813339233398437500e-04 2.577557563781738281e-01
1.692267849592561722e+09 3.435611724853515625e-04 1.513333320617675781e-01
1.692267855690307379e+09 9.140968322753906250e-04 2.314856052398681641e-01
1.692267861967275620e+09 6.041526794433593750e-04 1.321184635162353516e-01
1.692267868068497896e+09 4.301071166992187500e-04 1.199846267700195312e-01
1.692267874252290487e+09 5.935907363891601562e-03 1.705811023712158203e-01
1.692267880516991854e+09 2.937316894531250000e-04 6.826305389404296875e-02
1.692267886499562502e+09 9.350776672363281250e-04 1.569585800170898438e-01
1.692267892692570686e+09 3.535747528076171875e-04 1.899442672729492188e-01
1.692267898937905550e+09 2.958774566650390625e-04 8.142852783203125000e-02
1.692267905113202572e+09 1.254320144653320312e-03 8.604788780212402344e-02
1.692267911419702291e+09 2.930164337158203125e-04 1.443643569946289062e-01
1.692267917675539494e+09 2.679824829101562500e-04 1.042449474334716797e-01
1.692267923840361357e+09 8.974075317382812500e-04 2.787578105926513672e-01
1.692267930321720362e+09 2.608299255371093750e-04 2.063179016113281250e-01
1.692267936538205385e+09 2.820491790771484375e-04 1.515662670135498047e-01
1.692267942582563877e+09 1.176118850708007812e-03 2.379748821258544922e-01
1.692267948989632845e+09 1.410961151123046875e-03 2.414922714233398438e-01
1.692267955290108204e+09 3.674030303955078125e-04 6.298899650573730469e-02
1.692267961394735336e+09 2.505779266357421875e-04 1.950821876525878906e-01
