1.692218965553652287e+09 6.499290466308593750e-04 1.156249046325683594e-01
1.692218971762296915e+09 9.660720825195312500e-04 5.324983596801757812e-02
1.692218977899253845e+09 5.836486816406250000e-04 9.755611419677734375e-02
1.692218984044071436e+09 1.976490020751953125e-04 8.510518074035644531e-02
1.692218990241846085e+09 5.350112915039062500e-04 9.629917144775390625e-02
1.692218996345599890e+09 1.795291900634765625e-04 8.616685867309570312e-02
1.692219002551351309e+09 1.028776168823242188e-03 7.539987564086914062e-02
1.692219008727540255e+09 6.058216094970703125e-04 1.141779422760009766e-01
1.692219014860757351e+09 6.260871887207031250e-04 1.106548309326171875e-01
1.692219021057214975e+09 4.594326019287109375e-04 7.062959671020507812e-02
1.692219027219015360e+09 6.327629089355468750e-04 4.008173942565917969e-02
1.692219033286711454e+09 1.807212829589843750e-04 4.501128196716308594e-02
1.692219039389756680e+09 3.418922424316406250e-04 8.127737045288085938e-02
1.692219045526819229e+09 3.154277801513671875e-04 5.624103546142578125e-02
1.692219051603927374e+09 2.634525299072265625e-04 5.118012428283691406e-02
1.692219057713248491e+09 1.721382141113281250e-04 4.007053375244140625e-02
1.692219063783686638e+09 2.176761627197265625e-04 9.653520584106445312e-02
1.692219069944386244e+09 1.988410949707031250e-04 1.115291118621826172e-01
1.692219076158097267e+09 1.990795135498046875e-04 4.707050323486328125e-02
1.692219082292149067e+09 5.760192871093750000e-04 1.206920146942138672e-01
1.692219088467249393e+09 9.388923645019531250e-03 1.171059608459472656e-01
1.692219094678908110e+09 1.644372940063476562e-03 8.626222610473632812e-02
1.692219100850266457e+09 6.666183471679687500e-04 5.058217048645019531e-02
1.692219106997351170e+09 3.001689910888671875e-04 4.291653633117675781e-02
1.692219113107441187e+09 6.439685821533203125e-04 9.022545814514160156e-02
1.692219119247616768e+09 1.876354217529296875e-04 9.050607681274414062e-02
1.692219125456433296e+09 2.738237380981445312e-03 8.003878593444824219e-02
1.692219131627356052e+09 5.135536193847656250e-04 4.681682586669921875e-02
1.692219137693580866e+09 1.124858856201171875e-03 7.244920730590820312e-02
1.692219143818396807e+09 5.309581756591796875e-04 8.820080757141113281e-02
