1.692200728895258427e+09 3.244876861572265625e-04 5.382728576660156250e-02
1.692200735035607815e+09 1.142978668212890625e-03 6.723833084106445312e-02
1.692200741156000853e+09 2.954006195068359375e-04 9.578490257263183594e-02
1.692200747275582790e+09 2.367496490478515625e-04 1.685004234313964844e-01
1.692200753448129416e+09 4.944801330566406250e-04 1.539168357849121094e-01
1.692200759637761116e+09 8.010864257812500000e-04 1.323943138122558594e-01
1.692200765817591190e+09 7.672309875488281250e-04 8.675146102905273438e-02
1.692200771989374638e+09 2.315044403076171875e-04 7.555651664733886719e-02
1.692200778162004948e+09 7.023811340332031250e-04 1.016509532928466797e-01
1.692200784290831327e+09 4.160404205322265625e-04 5.842471122741699219e-02
1.692200790438430309e+09 2.858638763427734375e-04 1.326894760131835938e-01
1.692200796613100529e+09 1.051664352416992188e-03 9.630870819091796875e-02
1.692200802789014816e+09 5.068778991699218750e-04 1.332864761352539062e-01
1.692200809016603708e+09 3.881454467773437500e-04 4.209375381469726562e-02
1.692200815126645327e+09 2.664566040039062500e-03 1.197230815887451172e-01
1.692200821303244829e+09 3.738403320312500000e-04 1.002573966979980469e-01
1.692200827482957602e+09 4.656314849853515625e-04 1.404595375061035156e-01
1.692200833633745193e+09 7.615089416503906250e-04 1.667687892913818359e-01
1.692200839849256277e+09 2.484321594238281250e-04 1.198377609252929688e-01
1.692200846000677109e+09 2.367496490478515625e-04 4.400539398193359375e-02
1.692200852123903990e+09 2.589225769042968750e-04 1.172547340393066406e-01
1.692200858298370361e+09 7.669925689697265625e-04 8.988785743713378906e-02
1.692200864482995987e+09 2.527236938476562500e-04 2.089836597442626953e-01
1.692200870788788319e+09 2.355575561523437500e-04 5.429625511169433594e-02
1.692200876934134007e+09 1.008987426757812500e-03 9.901213645935058594e-02
1.692200883081747055e+09 2.667903900146484375e-04 4.956054687500000000e-02
1.692200889137563467e+09 8.842945098876953125e-04 1.591000556945800781e-01
1.692200895350911617e+09 4.000663757324218750e-04 8.516311645507812500e-02
1.692200901475819349e+09 2.484321594238281250e-04 1.103880405426025391e-01
1.692200907590624094e+09 7.169246673583984375e-04 1.611249446868896484e-01
