1.692220226825526476e+09 6.382465362548828125e-04 3.962683677673339844e-02
1.692220232966451883e+09 5.555152893066406250e-04 4.324913024902343750e-02
1.692220239069328308e+09 2.110004425048828125e-04 4.044246673583984375e-02
1.692220245167256832e+09 2.340030670166015625e-02 9.688901901245117188e-02
1.692220251346511364e+09 1.850128173828125000e-04 3.452944755554199219e-02
1.692220257458388090e+09 1.871585845947265625e-04 8.401417732238769531e-02
1.692220263625197172e+09 5.156993865966796875e-04 3.951168060302734375e-02
1.692220269764165401e+09 2.136230468750000000e-04 3.250932693481445312e-02
1.692220275879592896e+09 4.830360412597656250e-04 7.641339302062988281e-02
1.692220282003764153e+09 2.441406250000000000e-04 6.700372695922851562e-02
1.692220288098673820e+09 4.105567932128906250e-04 7.680130004882812500e-02
1.692220294242006779e+09 3.840923309326171875e-04 8.572864532470703125e-02
1.692220300412755728e+09 5.047321319580078125e-04 1.087341308593750000e-01
1.692220306537836313e+09 1.695156097412109375e-04 3.012490272521972656e-02
1.692220312655778170e+09 2.291202545166015625e-04 3.142666816711425781e-02
1.692220318757356882e+09 5.402565002441406250e-04 1.010503768920898438e-01
1.692220324928661585e+09 5.662441253662109375e-04 7.914614677429199219e-02
1.692220331106748104e+09 5.323886871337890625e-04 1.304244995117187500e-01
1.692220337256948948e+09 4.098415374755859375e-04 6.731271743774414062e-02
1.692220343392684698e+09 5.216598510742187500e-04 9.024977684020996094e-02
1.692220349538896561e+09 5.316734313964843750e-04 4.373264312744140625e-02
1.692220355669877768e+09 4.994869232177734375e-04 4.230761528015136719e-02
1.692220361768797636e+09 2.210140228271484375e-04 3.269577026367187500e-02
1.692220367866047144e+09 4.990100860595703125e-04 1.234815120697021484e-01
1.692220374051131010e+09 3.376007080078125000e-04 4.230427742004394531e-02
1.692220380169310093e+09 3.348827362060546875e-03 7.584023475646972656e-02
1.692220386318353415e+09 5.433559417724609375e-04 4.479646682739257812e-02
1.692220392371686697e+09 1.876354217529296875e-04 3.532958030700683594e-02
1.692220398459522009e+09 1.676321029663085938e-03 6.854724884033203125e-02
1.692220404595417023e+09 1.892590522766113281e-02 8.936548233032226562e-02
