1.692223695399485826e+09 3.085136413574218750e-04 5.652236938476562500e-02
1.692223701552175283e+09 5.803108215332031250e-04 7.141256332397460938e-02
1.692223707668563843e+09 5.006790161132812500e-04 5.133557319641113281e-02
1.692223713748404980e+09 3.845691680908203125e-04 3.949356079101562500e-02
1.692223719835413456e+09 5.660057067871093750e-04 1.138367652893066406e-01
1.692223726011299849e+09 4.086494445800781250e-04 3.370666503906250000e-02
1.692223732153743505e+09 4.310607910156250000e-04 7.004356384277343750e-02
1.692223738265969276e+09 5.290508270263671875e-04 7.814669609069824219e-02
1.692223744375177622e+09 8.842945098876953125e-04 4.582428932189941406e-02
1.692223750445106030e+09 7.579326629638671875e-04 4.322314262390136719e-02
1.692223756539517879e+09 4.234313964843750000e-04 6.870102882385253906e-02
1.692223762669439554e+09 5.357265472412109375e-04 1.124370098114013672e-01
1.692223768809580564e+09 1.561379432678222656e-02 8.087253570556640625e-02
1.692223775001120329e+09 1.518964767456054688e-03 4.936742782592773438e-02
1.692223781146763325e+09 3.352642059326171875e-03 7.571291923522949219e-02
1.692223787280301571e+09 5.345344543457031250e-04 4.463529586791992188e-02
1.692223793341825962e+09 5.493164062500000000e-04 4.865026473999023438e-02
1.692223799445862532e+09 1.835823059082031250e-04 3.923559188842773438e-02
1.692223805534663200e+09 1.010656356811523438e-03 9.529805183410644531e-02
1.692223811698117971e+09 5.869865417480468750e-04 7.213163375854492188e-02
1.692223817882778645e+09 5.009174346923828125e-04 4.492592811584472656e-02
1.692223823942171335e+09 4.725456237792968750e-04 4.056692123413085938e-02
1.692223830037506342e+09 1.971721649169921875e-04 8.035135269165039062e-02
1.692223836175560474e+09 5.753040313720703125e-04 8.717751502990722656e-02
1.692223842284567595e+09 5.025863647460937500e-04 4.191446304321289062e-02
1.692223848339149475e+09 2.720355987548828125e-04 4.114627838134765625e-02
1.692223854436972141e+09 1.718997955322265625e-04 3.582000732421875000e-02
1.692223860530346394e+09 5.199909210205078125e-04 4.336380958557128906e-02
1.692223866654476881e+09 2.739429473876953125e-04 3.932428359985351562e-02
1.692223872734281540e+09 2.856254577636718750e-04 8.073472976684570312e-02
