1.692207669949954510e+09 3.395080566406250000e-04 5.114841461181640625e-02
1.692207676007819891e+09 2.839565277099609375e-04 1.545851230621337891e-01
1.692207682203014374e+09 2.462863922119140625e-04 1.382517814636230469e-01
1.692207688383410692e+09 5.662441253662109375e-04 1.341824531555175781e-01
1.692207694584892035e+09 9.698867797851562500e-04 1.195688247680664062e-01
1.692207700765622854e+09 2.362728118896484375e-04 1.567516326904296875e-01
1.692207707024106741e+09 7.908344268798828125e-04 1.727542877197265625e-01
1.692207713226062775e+09 2.570152282714843750e-04 5.102348327636718750e-02
1.692207719298067331e+09 3.888607025146484375e-04 8.887219429016113281e-02
1.692207725435519218e+09 2.989768981933593750e-04 8.658552169799804688e-02
1.692207731532493114e+09 1.889467239379882812e-03 7.919120788574218750e-02
1.692207737632513762e+09 4.930496215820312500e-04 1.530966758728027344e-01
1.692207743800817490e+09 2.310276031494140625e-04 1.219568252563476562e-01
1.692207749972177744e+09 2.942085266113281250e-04 1.320872306823730469e-01
1.692207756178054333e+09 5.867481231689453125e-04 2.531783580780029297e-01
1.692207762502181053e+09 2.491474151611328125e-04 1.201820373535156250e-01
1.692207768671734095e+09 2.574920654296875000e-04 4.622578620910644531e-02
1.692207774792203903e+09 9.493827819824218750e-04 1.501617431640625000e-01
1.692207781014585972e+09 8.606910705566406250e-04 1.887786388397216797e-01
1.692207787240518808e+09 8.866786956787109375e-04 7.695508003234863281e-02
1.692207793325353622e+09 3.492832183837890625e-04 9.731721878051757812e-02
1.692207799443979025e+09 2.963542938232421875e-04 1.148242950439453125e-01
1.692207805660835266e+09 3.705024719238281250e-04 1.627078056335449219e-01
1.692207811909236908e+09 3.368854522705078125e-04 1.638739109039306641e-01
1.692207818110446930e+09 2.958774566650390625e-04 1.636939048767089844e-01
1.692207824313042164e+09 2.858638763427734375e-04 9.572005271911621094e-02
1.692207830449642420e+09 5.836486816406250000e-04 1.728365421295166016e-01
1.692207836729362726e+09 2.384185791015625000e-04 5.794596672058105469e-02
1.692207842803476095e+09 2.429485321044921875e-04 5.289077758789062500e-02
1.692207848898120880e+09 2.243518829345703125e-04 1.604938507080078125e-01
