1.692266518918010235e+09 7.081031799316406250e-04 3.102278709411621094e-01
1.692266525421275854e+09 5.149841308593750000e-04 3.799180984497070312e-01
1.692266531791312933e+09 3.798007965087890625e-04 4.643929004669189453e-01
1.692266538284416676e+09 3.595352172851562500e-04 3.806500434875488281e-01
1.692266544695360184e+09 1.455307006835937500e-03 4.194917678833007812e-01
1.692266551130990982e+09 1.224279403686523438e-03 4.035291671752929688e-01
1.692266557436277866e+09 6.853103637695312500e-03 3.610296249389648438e-01
1.692266563876509190e+09 5.593299865722656250e-04 3.584880828857421875e-01
1.692266570267974854e+09 3.283023834228515625e-04 2.850890159606933594e-01
1.692266576514816046e+09 1.218557357788085938e-03 3.499143123626708984e-01
1.692266582759927750e+09 8.535385131835937500e-04 3.510577678680419922e-01
1.692266589183379650e+09 6.556510925292968750e-04 3.262026309967041016e-01
1.692266595459032297e+09 7.994174957275390625e-04 2.398304939270019531e-01
1.692266601747917652e+09 7.534027099609375000e-04 2.903938293457031250e-01
1.692266608000222206e+09 8.132457733154296875e-04 2.812483310699462891e-01
1.692266614499462366e+09 4.422664642333984375e-04 2.880074977874755859e-01
1.692266620699650764e+09 1.112699508666992188e-03 2.573802471160888672e-01
1.692266627066305399e+09 5.829334259033203125e-04 9.513401985168457031e-02
1.692266633111674309e+09 1.209974288940429688e-03 4.472177028656005859e-01
1.692266639563158035e+09 9.055137634277343750e-04 2.534534931182861328e-01
1.692266645964961767e+09 1.722335815429687500e-03 3.197884559631347656e-01
1.692266652555427074e+09 2.856254577636718750e-04 1.942689418792724609e-01
1.692266658807473660e+09 1.010656356811523438e-03 2.884621620178222656e-01
1.692266664997913837e+09 2.521753311157226562e-03 3.510363101959228516e-01
1.692266671367937088e+09 5.321502685546875000e-04 3.232676982879638672e-01
1.692266677631985903e+09 2.596378326416015625e-04 2.273268699645996094e-01
1.692266683738114834e+09 6.688594818115234375e-03 3.504498004913330078e-01
1.692266690179199696e+09 1.705169677734375000e-03 3.667571544647216797e-01
1.692266696477396727e+09 3.066062927246093750e-04 1.431832313537597656e-01
1.692266702864941120e+09 9.164810180664062500e-04 3.320994377136230469e-01
