1.692218639021163702e+09 3.602504730224609375e-04 1.161065101623535156e-01
1.692218645234661341e+09 2.508163452148437500e-04 1.831724643707275391e-01
1.692218651500681877e+09 1.102209091186523438e-03 6.720185279846191406e-02
1.692218657588191032e+09 2.591609954833984375e-04 1.194229125976562500e-01
1.692218663737440348e+09 2.996921539306640625e-04 8.168840408325195312e-02
1.692218669900585175e+09 5.085468292236328125e-04 1.593635082244873047e-01
1.692218676088407278e+09 2.517700195312500000e-04 1.596052646636962891e-01
1.692218682277764320e+09 5.309581756591796875e-04 7.949829101562500000e-02
1.692218688400580645e+09 3.740787506103515625e-04 1.267294883728027344e-01
1.692218694547497749e+09 4.899501800537109375e-03 6.178855895996093750e-02
1.692218700686298847e+09 2.510547637939453125e-04 1.293444633483886719e-01
1.692218706856502295e+09 6.314992904663085938e-03 1.106441020965576172e-01
1.692218713043011904e+09 4.311800003051757812e-03 2.170536518096923828e-01
1.692218719343131065e+09 2.501010894775390625e-04 1.222569942474365234e-01
1.692218725539868355e+09 3.252029418945312500e-04 1.196975708007812500e-01
1.692218731740902901e+09 2.379417419433593750e-04 1.226603984832763672e-01
1.692218737940507412e+09 8.804798126220703125e-04 1.875693798065185547e-01
1.692218744213259697e+09 2.512931823730468750e-04 6.227278709411621094e-02
1.692218750279902458e+09 2.386569976806640625e-04 1.242082118988037109e-01
1.692218756443027020e+09 2.927780151367187500e-04 1.945900917053222656e-01
1.692218762713004351e+09 5.068778991699218750e-04 1.603639125823974609e-01
1.692218768882429838e+09 2.470016479492187500e-04 1.137080192565917969e-01
1.692218775031481743e+09 2.532005310058593750e-04 1.609768867492675781e-01
1.692218781289806128e+09 3.345012664794921875e-04 7.616567611694335938e-02
1.692218787398106575e+09 2.462863922119140625e-04 1.872956752777099609e-01
1.692218793606312513e+09 2.591609954833984375e-04 1.578550338745117188e-01
1.692218799776177168e+09 3.778934478759765625e-04 1.727271080017089844e-01
1.692218805997179270e+09 2.613067626953125000e-04 1.063039302825927734e-01
1.692218812124274969e+09 2.210140228271484375e-04 1.383352279663085938e-01
1.692218818356743574e+09 1.151323318481445312e-03 9.636926651000976562e-02
