1.692212659417345524e+09 4.091262817382812500e-04 4.971814155578613281e-02
1.692212665569617033e+09 5.855560302734375000e-04 1.053223609924316406e-01
1.692212671729241610e+09 2.739429473876953125e-04 7.070374488830566406e-02
1.692212677889839649e+09 7.449388504028320312e-03 8.911061286926269531e-02
1.692212684019314051e+09 3.433465957641601562e-03 5.984354019165039062e-02
1.692212690182504416e+09 4.994869232177734375e-04 1.036322116851806641e-01
1.692212696322882891e+09 2.114772796630859375e-04 3.754210472106933594e-02
1.692212702454097748e+09 1.919269561767578125e-04 3.925609588623046875e-02
1.692212708555752754e+09 5.044937133789062500e-04 1.007070541381835938e-01
1.692212714719918966e+09 1.928806304931640625e-04 8.315134048461914062e-02
1.692212720904279470e+09 8.566379547119140625e-04 4.601550102233886719e-02
1.692212726967895985e+09 2.026557922363281250e-04 3.508353233337402344e-02
1.692212733052457571e+09 1.100540161132812500e-03 7.386517524719238281e-02
1.692212739197924614e+09 5.679130554199218750e-04 1.065683364868164062e-01
1.692212745325903177e+09 1.969337463378906250e-04 7.665157318115234375e-02
1.692212751494092464e+09 5.381107330322265625e-04 1.221964359283447266e-01
1.692212757641060352e+09 5.259513854980468750e-04 3.440642356872558594e-02
1.692212763753232241e+09 5.171298980712890625e-04 4.591083526611328125e-02
1.692212769864831924e+09 1.835823059082031250e-04 3.505134582519531250e-02
1.692212775952398539e+09 8.077621459960937500e-04 1.070492267608642578e-01
1.692212782128782511e+09 2.045631408691406250e-04 7.541537284851074219e-02
1.692212788299900293e+09 5.233287811279296875e-04 4.031920433044433594e-02
1.692212794359709978e+09 5.493164062500000000e-04 4.045915603637695312e-02
1.692212800459966421e+09 5.156993865966796875e-04 9.100055694580078125e-02
1.692212806610365868e+09 5.087852478027343750e-04 5.040287971496582031e-02
1.692212812669254065e+09 1.735687255859375000e-04 3.379583358764648438e-02
1.692212818750638723e+09 5.154609680175781250e-04 1.055381298065185547e-01
1.692212824925003767e+09 2.422094345092773438e-03 8.112430572509765625e-02
1.692212831107260227e+09 5.314350128173828125e-04 1.011700630187988281e-01
1.692212837220705748e+09 2.601861953735351562e-03 7.809424400329589844e-02
