1.692199782237640142e+09 3.335475921630859375e-04 8.410859107971191406e-02
1.692199788419130087e+09 6.792545318603515625e-04 8.565449714660644531e-02
1.692199794520578146e+09 7.107257843017578125e-04 9.109282493591308594e-02
1.692199800625977755e+09 1.452684402465820312e-03 1.630525588989257812e-01
1.692199806806756496e+09 6.189346313476562500e-04 1.821477413177490234e-01
1.692199813029300690e+09 1.396894454956054688e-03 1.880691051483154297e-01
1.692199819222575903e+09 6.721019744873046875e-04 2.857241630554199219e-01
1.692199825534309626e+09 2.560615539550781250e-04 1.722347736358642578e-01
1.692199831806977272e+09 3.912687301635742188e-03 1.005635261535644531e-01
1.692199837958553791e+09 2.381801605224609375e-04 1.220195293426513672e-01
1.692199844155360222e+09 1.296758651733398438e-03 1.347455978393554688e-01
1.692199850378443480e+09 8.175373077392578125e-04 1.397731304168701172e-01
1.692199856575762272e+09 2.051591873168945312e-03 1.520130634307861328e-01
1.692199862796393394e+09 2.608299255371093750e-04 1.194264888763427734e-01
1.692199868952811956e+09 5.455017089843750000e-04 1.533269882202148438e-01
1.692199875187872410e+09 3.390312194824218750e-04 1.176798343658447266e-01
1.692199881351768732e+09 3.182888031005859375e-04 1.208834648132324219e-01
1.692199887556478500e+09 1.206636428833007812e-03 1.593017578125000000e-01
1.692199893803678751e+09 9.832382202148437500e-04 1.565747261047363281e-01
1.692199900004328966e+09 2.379417419433593750e-04 1.353180408477783203e-01
1.692199906168788195e+09 3.709793090820312500e-04 1.297643184661865234e-01
1.692199912367590666e+09 9.529590606689453125e-04 1.469457149505615234e-01
1.692199918587572098e+09 2.462863922119140625e-04 1.378269195556640625e-01
1.692199924774698973e+09 4.806518554687500000e-04 7.445120811462402344e-02
1.692199930911671638e+09 1.970767974853515625e-03 1.043374538421630859e-01
1.692199937041652918e+09 3.566741943359375000e-04 1.185381412506103516e-01
1.692199943254513979e+09 2.768039703369140625e-04 1.677415370941162109e-01
1.692199949501080990e+09 2.540588378906250000e-03 1.332337856292724609e-01
1.692199955678867340e+09 7.843971252441406250e-03 1.762981414794921875e-01
1.692199961921257734e+09 2.398490905761718750e-04 6.543684005737304688e-02
