1.692280040337395191e+09 1.162528991699218750e-03 2.844550609588623047e-01
1.692280046650135517e+09 1.225233078002929688e-03 2.963230609893798828e-01
1.692280053041110754e+09 7.355213165283203125e-04 3.129022121429443359e-01
1.692280059447543621e+09 9.938716888427734375e-03 2.236220836639404297e-01
1.692280065770958424e+09 4.744529724121093750e-04 2.690408229827880859e-01
1.692280072134073019e+09 2.422571182250976562e-03 2.537448406219482422e-01
1.692280078497137308e+09 9.918212890625000000e-04 4.037258625030517578e-01
1.692280084952057123e+09 1.712799072265625000e-03 3.381836414337158203e-01
1.692280091387556314e+09 1.412630081176757812e-03 2.642991542816162109e-01
1.692280097713245153e+09 8.645057678222656250e-04 3.469636440277099609e-01
1.692280104086363077e+09 6.740093231201171875e-04 3.806989192962646484e-01
1.692280110515100241e+09 2.296924591064453125e-03 4.057266712188720703e-01
1.692280116967749119e+09 1.899480819702148438e-03 2.609176635742187500e-01
1.692280123365650892e+09 1.646757125854492188e-03 3.493540287017822266e-01
1.692280129801528931e+09 2.165436744689941406e-02 3.978302478790283203e-01
1.692280136263392687e+09 2.153635025024414062e-03 3.462774753570556641e-01
1.692280142705335617e+09 9.281635284423828125e-04 3.577358722686767578e-01
1.692280149124572754e+09 2.659797668457031250e-03 3.101968765258789062e-01
1.692280155460292101e+09 1.020431518554687500e-03 2.887847423553466797e-01
1.692280161836568832e+09 3.455877304077148438e-03 2.557759284973144531e-01
1.692280168132006168e+09 5.276203155517578125e-04 3.762748241424560547e-01
1.692280174532121658e+09 1.871347427368164062e-03 3.054246902465820312e-01
1.692280180980604649e+09 4.398584365844726562e-03 3.376555442810058594e-01
1.692280187394138813e+09 6.310939788818359375e-04 3.415260314941406250e-01
1.692280193782270670e+09 9.419918060302734375e-04 2.787346839904785156e-01
1.692280200118438244e+09 9.324550628662109375e-04 2.556147575378417969e-01
1.692280206405420542e+09 4.925727844238281250e-04 3.354620933532714844e-01
1.692280212789649248e+09 2.329826354980468750e-03 3.166613578796386719e-01
1.692280219164477587e+09 1.287698745727539062e-03 2.998571395874023438e-01
1.692280225538266659e+09 1.803398132324218750e-03 3.913209438323974609e-01
