1.692280672078405142e+09 8.740425109863281250e-04 2.567255496978759766e-01
1.692280678452830553e+09 2.580285072326660156e-02 6.572060585021972656e-01
1.692280685192683697e+09 6.220340728759765625e-04 6.438689231872558594e-01
1.692280691920095444e+09 3.850221633911132812e-03 3.618783950805664062e-01
1.692280698383409262e+09 6.814002990722656250e-04 4.384407997131347656e-01
1.692280704932699680e+09 6.519079208374023438e-03 3.993904590606689453e-01
1.692280711368554354e+09 1.799845695495605469e-02 3.473443984985351562e-01
1.692280717826411724e+09 2.289295196533203125e-03 2.329697608947753906e-01
1.692280724114569426e+09 5.116462707519531250e-04 3.713691234588623047e-01
1.692280730532322884e+09 1.832485198974609375e-03 3.091561794281005859e-01
1.692280736893304110e+09 1.222610473632812500e-03 4.567327499389648438e-01
1.692280743432181120e+09 9.486675262451171875e-04 4.867036342620849609e-01
1.692280749959462881e+09 1.565694808959960938e-03 2.481009960174560547e-01
1.692280756315544844e+09 5.500316619873046875e-04 2.967445850372314453e-01
1.692280762671436548e+09 3.047943115234375000e-03 2.447302341461181641e-01
1.692280769015453815e+09 2.439975738525390625e-03 2.800424098968505859e-01
1.692280775354796886e+09 7.922649383544921875e-04 2.717905044555664062e-01
1.692280781660331964e+09 1.010894775390625000e-03 3.841729164123535156e-01
1.692280788153702021e+09 3.243923187255859375e-03 2.597417831420898438e-01
1.692280794426618576e+09 7.040500640869140625e-04 3.033695220947265625e-01
1.692280800765399218e+09 9.984970092773437500e-04 2.946126461029052734e-01
1.692280807159038067e+09 2.848863601684570312e-03 3.237693309783935547e-01
1.692280813551927090e+09 9.160041809082031250e-04 2.174477577209472656e-01
1.692280819801357985e+09 1.526355743408203125e-03 3.862257003784179688e-01
1.692280826280995607e+09 1.636028289794921875e-03 2.694160938262939453e-01
1.692280832634137154e+09 3.669977188110351562e-03 4.588949680328369141e-01
1.692280839132254362e+09 1.012325286865234375e-03 3.607192039489746094e-01
1.692280845525231123e+09 7.236003875732421875e-04 2.541646957397460938e-01
1.692280851870245695e+09 1.003980636596679688e-03 2.462885379791259766e-01
1.692280858214144230e+09 6.361007690429687500e-04 3.346912860870361328e-01
