1.692199466865247726e+09 3.347396850585937500e-04 1.315069198608398438e-01
1.692199473100586653e+09 5.705356597900390625e-04 1.312487125396728516e-01
1.692199479302330256e+09 2.555847167968750000e-04 1.973428726196289062e-01
1.692199485564658880e+09 1.030445098876953125e-03 9.658193588256835938e-02
1.692199491667135000e+09 2.627372741699218750e-04 1.207439899444580078e-01
1.692199497886877775e+09 3.046989440917968750e-04 1.364979743957519531e-01
1.692199504102856398e+09 2.987384796142578125e-04 1.200513839721679688e-01
1.692199510286179543e+09 2.602338790893554688e-03 1.453824043273925781e-01
1.692199516517602444e+09 7.781982421875000000e-04 6.624007225036621094e-02
1.692199522641518116e+09 2.362728118896484375e-04 1.594548225402832031e-01
1.692199528828452587e+09 2.856254577636718750e-04 1.014270782470703125e-01
1.692199534967325926e+09 2.641677856445312500e-04 1.503927707672119141e-01
1.692199541217178583e+09 2.713203430175781250e-04 1.290192604064941406e-01
1.692199547394995689e+09 2.348423004150390625e-04 1.108345985412597656e-01
1.692199553582304239e+09 2.431869506835937500e-04 7.796311378479003906e-02
1.692199559746903181e+09 3.261566162109375000e-04 2.484703063964843750e-01
1.692199566014337778e+09 1.308202743530273438e-03 1.423082351684570312e-01
1.692199572211921453e+09 2.574920654296875000e-04 3.535118103027343750e-01
1.692199578619699955e+09 3.514289855957031250e-04 3.080646991729736328e-01
1.692199584975001812e+09 6.201267242431640625e-04 2.890744209289550781e-01
1.692199591360009193e+09 5.307197570800781250e-04 6.905770301818847656e-02
1.692199597444211721e+09 2.171993255615234375e-04 1.098070144653320312e-01
1.692199603584521294e+09 3.137588500976562500e-04 1.217696666717529297e-01
1.692199609788711786e+09 6.244182586669921875e-04 1.578044891357421875e-01
1.692199616027129173e+09 2.668619155883789062e-03 1.435916423797607422e-01
1.692199622217196226e+09 2.145528793334960938e-03 8.716511726379394531e-02
1.692199628366148710e+09 2.529621124267578125e-04 1.257925033569335938e-01
1.692199634592150688e+09 3.032684326171875000e-04 6.597495079040527344e-02
1.692199640732148647e+09 8.885860443115234375e-04 1.874120235443115234e-01
1.692199646960627556e+09 2.298116683959960938e-03 2.178473472595214844e-01
