1.692203568589040518e+09 2.833843231201171875e-03 1.461305618286132812e-01
1.692203574843882799e+09 8.909702301025390625e-04 1.663036346435546875e-01
1.692203581067206144e+09 3.037452697753906250e-04 1.204864978790283203e-01
1.692203587210114479e+09 2.527236938476562500e-03 9.895777702331542969e-02
1.692203593400383949e+09 4.007816314697265625e-04 1.654515266418457031e-01
1.692203599656615973e+09 3.488063812255859375e-04 1.377482414245605469e-01
1.692203605827309847e+09 2.043962478637695312e-03 1.856544017791748047e-01
1.692203612091836691e+09 9.727478027343750000e-04 8.748340606689453125e-02
1.692203618278969288e+09 3.218650817871093750e-04 6.056714057922363281e-02
1.692203624351647615e+09 3.731250762939453125e-04 2.218573093414306641e-01
1.692203630624277353e+09 2.524852752685546875e-04 1.269378662109375000e-01
1.692203636822689533e+09 8.313655853271484375e-04 6.803536415100097656e-02
1.692203642956649065e+09 1.241683959960937500e-03 1.825795173645019531e-01
1.692203649190322638e+09 5.433559417724609375e-04 1.354150772094726562e-01
1.692203655427705526e+09 2.706050872802734375e-04 1.191208362579345703e-01
1.692203661609716892e+09 2.448558807373046875e-04 2.081518173217773438e-01
1.692203667895352364e+09 2.586841583251953125e-04 1.600484848022460938e-01
1.692203674148826122e+09 2.737045288085937500e-04 2.619104385375976562e-01
1.692203680456959724e+09 4.835128784179687500e-04 1.454515457153320312e-01
1.692203686642317295e+09 2.353191375732421875e-04 1.189069747924804688e-01
1.692203692812364101e+09 2.591609954833984375e-04 1.125483512878417969e-01
1.692203698999849558e+09 5.838871002197265625e-04 1.691858768463134766e-01
1.692203705262044907e+09 3.011226654052734375e-04 5.544066429138183594e-02
1.692203711344164848e+09 2.205371856689453125e-04 1.274416446685791016e-01
1.692203717516561031e+09 2.887248992919921875e-04 1.483683586120605469e-01
1.692203723766873360e+09 2.441406250000000000e-04 1.518111228942871094e-01
1.692203729940831900e+09 1.345634460449218750e-03 5.639004707336425781e-02
1.692203736047153950e+09 2.925395965576171875e-04 1.633942127227783203e-01
1.692203742253886461e+09 4.189014434814453125e-04 4.587197303771972656e-02
1.692203748353605747e+09 3.652572631835937500e-04 1.175203323364257812e-01
