1.692202306459276438e+09 3.395318984985351562e-03 1.247372627258300781e-01
1.692202312688541889e+09 8.544921875000000000e-04 2.070953845977783203e-01
1.692202318983127594e+09 2.517700195312500000e-04 1.513266563415527344e-01
1.692202325210090637e+09 4.858970642089843750e-04 1.429460048675537109e-01
1.692202331403003931e+09 3.180503845214843750e-04 1.093268394470214844e-01
1.692202337590477467e+09 2.412796020507812500e-04 1.057183742523193359e-01
1.692202343763934374e+09 2.624988555908203125e-04 1.728441715240478516e-01
1.692202350032798052e+09 2.567768096923828125e-04 1.519584655761718750e-01
1.692202356210363388e+09 2.443790435791015625e-04 1.110565662384033203e-01
1.692202362370103359e+09 2.524852752685546875e-04 7.559680938720703125e-02
1.692202368534768105e+09 4.186630249023437500e-04 1.352407932281494141e-01
1.692202374697348118e+09 3.845691680908203125e-04 1.798634529113769531e-01
1.692202380940941334e+09 3.142356872558593750e-04 5.682349205017089844e-02
1.692202387020841122e+09 2.355575561523437500e-04 1.180045604705810547e-01
1.692202393179175138e+09 3.554821014404296875e-04 2.261087894439697266e-01
1.692202399485394239e+09 2.200603485107421875e-04 1.070277690887451172e-01
1.692202405669015646e+09 2.591609954833984375e-04 1.077442169189453125e-01
1.692202411866238832e+09 7.023811340332031250e-04 1.759841442108154297e-01
1.692202418135135889e+09 2.346038818359375000e-04 1.306066513061523438e-01
1.692202424289027214e+09 3.590583801269531250e-04 1.358258724212646484e-01
1.692202430502505541e+09 2.257823944091796875e-04 1.222612857818603516e-01
1.692202436683627844e+09 2.470016479492187500e-04 2.161436080932617188e-01
1.692202442974576950e+09 2.543926239013671875e-04 7.684445381164550781e-02
1.692202449138868332e+09 2.682209014892578125e-04 1.032559871673583984e-01
1.692202455281888485e+09 2.388954162597656250e-04 1.306173801422119141e-01
1.692202461499206305e+09 1.162528991699218750e-03 1.464831829071044922e-01
1.692202467709985971e+09 2.470016479492187500e-04 4.904055595397949219e-02
1.692202473808677673e+09 1.326084136962890625e-03 1.264817714691162109e-01
1.692202479989346743e+09 3.526210784912109375e-04 1.194455623626708984e-01
1.692202486183405399e+09 2.515316009521484375e-04 1.949858665466308594e-01
