1.692217061591809511e+09 3.256797790527343750e-04 6.289052963256835938e-02
1.692217067755796194e+09 2.994537353515625000e-04 5.923914909362792969e-02
1.692217073851996422e+09 2.467632293701171875e-04 1.160421371459960938e-01
1.692217080014033794e+09 2.508163452148437500e-04 1.580476760864257812e-01
1.692217086249991417e+09 8.184909820556640625e-04 1.311831474304199219e-01
1.692217092425687075e+09 2.732753753662109375e-03 3.447175025939941406e-01
1.692217098865430355e+09 1.667261123657226562e-03 2.546148300170898438e-01
1.692217105159829617e+09 3.423690795898437500e-04 1.714868545532226562e-01
1.692217111364719391e+09 3.709793090820312500e-04 1.008036136627197266e-01
1.692217117504417181e+09 1.826524734497070312e-03 1.316442489624023438e-01
1.692217123749520063e+09 3.230571746826171875e-04 9.526968002319335938e-02
1.692217129888058662e+09 2.434253692626953125e-04 1.333441734313964844e-01
1.692217136031961203e+09 3.776550292968750000e-04 1.828410625457763672e-01
1.692217142275404692e+09 7.088184356689453125e-04 1.519744396209716797e-01
1.692217148465864182e+09 2.334117889404296875e-04 1.239204406738281250e-01
1.692217154616671562e+09 1.312017440795898438e-03 1.892130374908447266e-01
1.692217160895074368e+09 2.410411834716796875e-04 9.619545936584472656e-02
1.692217167097418785e+09 3.349781036376953125e-04 1.057410240173339844e-01
1.692217173299094200e+09 2.212524414062500000e-04 1.814742088317871094e-01
1.692217179576265812e+09 1.132011413574218750e-03 1.015400886535644531e-01
1.692217185701509237e+09 3.185272216796875000e-04 1.534435749053955078e-01
1.692217191946777105e+09 2.310276031494140625e-04 1.684529781341552734e-01
1.692217198169174194e+09 2.362728118896484375e-04 6.511354446411132812e-02
1.692217204259245634e+09 8.101463317871093750e-04 1.061954498291015625e-01
1.692217210411078691e+09 4.898548126220703125e-03 1.746971607208251953e-01
1.692217216675727367e+09 7.119178771972656250e-04 6.753277778625488281e-02
1.692217222766819954e+09 3.452301025390625000e-04 1.244652271270751953e-01
1.692217228917408943e+09 2.509355545043945312e-03 2.166049480438232422e-01
1.692217235218810797e+09 2.307891845703125000e-04 6.010961532592773438e-02
1.692217241352211714e+09 5.881547927856445312e-03 1.585130691528320312e-01
