1.692208301089313269e+09 3.137588500976562500e-04 1.067705154418945312e-01
1.692208307290024996e+09 5.273818969726562500e-04 8.780336380004882812e-02
1.692208313470659494e+09 9.405612945556640625e-04 2.107942104339599609e-01
1.692208319707323551e+09 2.028942108154296875e-03 1.283638477325439453e-01
1.692208325920140266e+09 3.664493560791015625e-04 1.319928169250488281e-01
1.692208332138027430e+09 7.143020629882812500e-04 1.258578300476074219e-01
1.692208338319632292e+09 2.322196960449218750e-04 1.332888603210449219e-01
1.692208344520878553e+09 2.755165100097656250e-03 1.437838077545166016e-01
1.692208350731554031e+09 6.594657897949218750e-04 1.349279880523681641e-01
1.692208356919609308e+09 3.511905670166015625e-04 5.357956886291503906e-02
1.692208363036310434e+09 2.906322479248046875e-04 1.895976066589355469e-01
1.692208369272964001e+09 6.682872772216796875e-04 1.375184059143066406e-01
1.692208375421552181e+09 9.467601776123046875e-04 2.518999576568603516e-01
1.692208381745361090e+09 3.123283386230468750e-04 5.496120452880859375e-02
1.692208387839055777e+09 6.576299667358398438e-03 9.190392494201660156e-02
1.692208393993608236e+09 5.424022674560546875e-04 1.360063552856445312e-01
1.692208400241654396e+09 2.489089965820312500e-04 1.486992835998535156e-01
1.692208406432085514e+09 2.460479736328125000e-04 1.132838726043701172e-01
1.692208412595540762e+09 2.994537353515625000e-04 9.236693382263183594e-02
1.692208418788040876e+09 2.415180206298828125e-04 1.422305107116699219e-01
1.692208425025255203e+09 2.303123474121093750e-04 1.548254489898681641e-01
1.692208431253569126e+09 2.257823944091796875e-04 9.203863143920898438e-02
1.692208437375909805e+09 2.078533172607421875e-03 1.268529891967773438e-01
1.692208443514416695e+09 7.493495941162109375e-04 1.442956924438476562e-01
1.692208449751688004e+09 3.149509429931640625e-04 1.834173202514648438e-01
1.692208455973799706e+09 4.379034042358398438e-03 1.041979789733886719e-01
1.692208462092491388e+09 2.458095550537109375e-04 1.518471240997314453e-01
1.692208468333761454e+09 2.529621124267578125e-04 1.151292324066162109e-01
1.692208474498842716e+09 6.783008575439453125e-04 9.870076179504394531e-02
1.692208480684506178e+09 2.303123474121093750e-04 5.185413360595703125e-02
