1.692221478752144575e+09 2.927780151367187500e-04 1.240344047546386719e-01
1.692221484975724220e+09 3.082752227783203125e-04 1.811501979827880859e-01
1.692221491231719494e+09 5.016326904296875000e-03 1.043176651000976562e-01
1.692221497377909184e+09 2.901554107666015625e-04 1.396963596343994141e-01
1.692221503590635538e+09 2.543926239013671875e-04 9.801101684570312500e-02
1.692221509751089334e+09 2.577304840087890625e-04 2.217381000518798828e-01
1.692221516072168112e+09 8.153915405273437500e-04 1.273121833801269531e-01
1.692221522279592991e+09 2.474784851074218750e-04 1.197786331176757812e-01
1.692221528469913960e+09 3.778934478759765625e-04 1.626896858215332031e-01
1.692221534714453220e+09 4.887342453002929688e-03 1.763610839843750000e-01
1.692221540944442749e+09 6.184577941894531250e-04 1.400134563446044922e-01
1.692221547096429825e+09 2.560615539550781250e-04 5.298352241516113281e-02
1.692221553203059196e+09 2.398490905761718750e-04 1.796541213989257812e-01
1.692221559431290388e+09 7.395744323730468750e-04 1.453533172607421875e-01
1.692221565601612091e+09 2.541542053222656250e-04 1.116209030151367188e-01
1.692221571763987780e+09 7.989406585693359375e-04 1.250412464141845703e-01
1.692221577978853703e+09 2.629756927490234375e-04 1.998393535614013672e-01
1.692221584249839783e+09 2.596378326416015625e-04 8.788990974426269531e-02
1.692221590345884323e+09 7.507801055908203125e-04 1.279287338256835938e-01
1.692221596489299297e+09 2.861022949218750000e-04 4.928612709045410156e-02
1.692221602601643562e+09 9.441137313842773438e-03 1.034407615661621094e-01
1.692221608766734838e+09 4.847049713134765625e-04 1.352906227111816406e-01
1.692221614987653017e+09 2.403259277343750000e-04 2.641973495483398438e-01
1.692221621315249920e+09 3.075599670410156250e-04 1.268663406372070312e-01
1.692221627483626604e+09 5.135536193847656250e-04 1.032481193542480469e-01
1.692221633663195848e+09 8.683204650878906250e-04 6.813549995422363281e-02
1.692221639826934099e+09 3.032684326171875000e-04 8.959817886352539062e-02
1.692221645942448616e+09 6.799697875976562500e-04 1.190500259399414062e-01
1.692221652070736885e+09 3.631114959716796875e-04 5.479836463928222656e-02
1.692221658205968618e+09 2.367496490478515625e-04 5.662369728088378906e-02
