1.692258729817230225e+09 4.034042358398437500e-04 4.509377479553222656e-02
1.692258735960903406e+09 1.831054687500000000e-04 4.108166694641113281e-02
1.692258741958148956e+09 2.699136734008789062e-03 1.083142757415771484e-01
1.692258748144695997e+09 6.794929504394531250e-04 9.159493446350097656e-02
1.692258754315281153e+09 2.260208129882812500e-04 3.940773010253906250e-02
1.692258760256226540e+09 2.412796020507812500e-04 6.722402572631835938e-02
1.692258766484951019e+09 3.581047058105468750e-04 4.118347167968750000e-02
1.692258772657900810e+09 5.075931549072265625e-04 5.169200897216796875e-02
1.692258778669736385e+09 5.624294281005859375e-04 4.239058494567871094e-02
1.692258784759620190e+09 4.365444183349609375e-04 4.797434806823730469e-02
1.692258790865794897e+09 5.702972412109375000e-04 1.120855808258056641e-01
1.692258797030619144e+09 5.791187286376953125e-04 4.724574089050292969e-02
1.692258803065590382e+09 2.517700195312500000e-04 7.299327850341796875e-02
1.692258809090323210e+09 5.941390991210937500e-04 3.536534309387207031e-02
1.692258815253859997e+09 2.787113189697265625e-04 6.183338165283203125e-02
1.692258821378066540e+09 4.963874816894531250e-04 5.655455589294433594e-02
1.692258827478133917e+09 6.222724914550781250e-04 1.002080440521240234e-01
1.692258833520682812e+09 2.782344818115234375e-04 3.862357139587402344e-02
1.692258839755578518e+09 5.390644073486328125e-04 7.880973815917968750e-02
1.692258845897367001e+09 5.095005035400390625e-04 5.084562301635742188e-02
1.692258851968796968e+09 5.064010620117187500e-04 9.897565841674804688e-02
1.692258858317617178e+09 5.691051483154296875e-04 4.087305068969726562e-02
1.692258864359467745e+09 5.762577056884765625e-04 4.724478721618652344e-02
1.692258870265807867e+09 5.445480346679687500e-04 4.649424552917480469e-02
1.692258876365017414e+09 3.933906555175781250e-04 4.146504402160644531e-02
1.692258882259017467e+09 5.719661712646484375e-04 4.312205314636230469e-02
1.692258888461639166e+09 1.873970031738281250e-04 8.160781860351562500e-02
1.692258894601610661e+09 5.247592926025390625e-04 4.368901252746582031e-02
1.692258900661984205e+09 5.409717559814453125e-04 1.098990440368652344e-01
1.692258906928535700e+09 3.334283828735351562e-03 8.231019973754882812e-02
