1.692268189453375340e+09 2.577304840087890625e-04 7.639598846435546875e-02
1.692268195448049307e+09 5.967617034912109375e-04 4.028201103210449219e-02
1.692268201694702864e+09 5.302429199218750000e-04 1.135427951812744141e-01
1.692268207967948675e+09 4.003047943115234375e-04 5.265498161315917969e-02
1.692268214104406118e+09 5.934238433837890625e-04 9.332132339477539062e-02
1.692268220254856348e+09 3.199577331542968750e-04 4.121470451354980469e-02
1.692268226494313240e+09 5.564689636230468750e-04 8.571982383728027344e-02
1.692268232540327549e+09 1.804828643798828125e-04 8.492588996887207031e-02
1.692268238743982792e+09 5.240440368652343750e-04 7.676649093627929688e-02
1.692268245031083822e+09 5.841255187988281250e-04 1.175024509429931641e-01
1.692268251273526907e+09 2.400875091552734375e-04 4.499578475952148438e-02
1.692268257396785736e+09 2.793550491333007812e-03 9.466576576232910156e-02
1.692268263554568529e+09 1.854896545410156250e-04 3.239011764526367188e-02
1.692268269683940887e+09 1.878738403320312500e-04 4.096603393554687500e-02
1.692268275892904043e+09 5.658626556396484375e-03 8.026957511901855469e-02
1.692268282257971764e+09 2.632141113281250000e-04 5.523037910461425781e-02
1.692268288425929785e+09 5.266666412353515625e-04 1.186058521270751953e-01
1.692268294579096317e+09 5.612373352050781250e-04 4.490280151367187500e-02
1.692268300599591970e+09 5.652904510498046875e-04 1.394090652465820312e-01
1.692268306693804026e+09 5.049705505371093750e-04 5.468463897705078125e-02
1.692268312808908939e+09 5.431175231933593750e-04 5.362129211425781250e-02
1.692268318708079338e+09 3.142595291137695312e-03 8.424520492553710938e-02
1.692268324748275280e+09 1.424312591552734375e-03 5.857920646667480469e-02
1.692268330914989948e+09 1.921653747558593750e-04 3.987550735473632812e-02
1.692268337092459917e+09 1.601219177246093750e-03 8.953571319580078125e-02
1.692268343042989016e+09 1.897811889648437500e-04 8.206605911254882812e-02
1.692268349176719666e+09 5.183219909667968750e-04 4.426264762878417969e-02
1.692268355398642302e+09 6.380081176757812500e-04 7.925152778625488281e-02
1.692268361546741486e+09 5.390644073486328125e-04 8.383488655090332031e-02
1.692268367638521671e+09 2.257823944091796875e-04 6.920480728149414062e-02
