1.692225587664885759e+09 3.111839294433593750e-03 7.536363601684570312e-02
1.692225593846621752e+09 5.495548248291015625e-04 4.833769798278808594e-02
1.692225599914071083e+09 4.882812500000000000e-04 5.352091789245605469e-02
1.692225606019017696e+09 2.784729003906250000e-04 5.660605430603027344e-02
1.692225612120743275e+09 5.612373352050781250e-04 1.034834384918212891e-01
1.692225618282265186e+09 9.748935699462890625e-04 8.542060852050781250e-02
1.692225624458297014e+09 8.275508880615234375e-04 4.495501518249511719e-02
1.692225630512983084e+09 8.156299591064453125e-04 4.784011840820312500e-02
1.692225636614953995e+09 2.022981643676757812e-03 1.007492542266845703e-01
1.692225642770100355e+09 7.188320159912109375e-04 3.688621520996093750e-02
1.692225648900857925e+09 5.691051483154296875e-04 1.148200035095214844e-01
1.692225655080974817e+09 1.955032348632812500e-04 7.082819938659667969e-02
1.692225661245809317e+09 1.195669174194335938e-03 8.825755119323730469e-02
1.692225667368704319e+09 2.031326293945312500e-04 3.919744491577148438e-02
1.692225673520767689e+09 5.526542663574218750e-04 4.900836944580078125e-02
1.692225679614934921e+09 3.395080566406250000e-04 4.686641693115234375e-02
1.692225685711557388e+09 1.704692840576171875e-04 4.134011268615722656e-02
1.692225691804815531e+09 5.750656127929687500e-04 9.149813652038574219e-02
1.692225697994213343e+09 1.328945159912109375e-03 8.439826965332031250e-02
1.692225704152811289e+09 4.982948303222656250e-04 5.294632911682128906e-02
1.692225710218884230e+09 1.859664916992187500e-04 3.561949729919433594e-02
1.692225716299705029e+09 4.956722259521484375e-04 1.078991889953613281e-01
1.692225722473296642e+09 1.624083518981933594e-02 8.994269371032714844e-02
1.692225728673578501e+09 5.462169647216796875e-04 1.380875110626220703e-01
1.692225734904381990e+09 5.676746368408203125e-04 1.112828254699707031e-01
1.692225741077759027e+09 4.849433898925781250e-04 5.069303512573242188e-02
1.692225747222600937e+09 1.895427703857421875e-04 5.786395072937011719e-02
1.692225753320879221e+09 2.012252807617187500e-04 6.763505935668945312e-02
1.692225759433834314e+09 5.106925964355468750e-04 7.767176628112792969e-02
1.692225765543533564e+09 3.690719604492187500e-04 4.186439514160156250e-02
