1.692198835574710369e+09 2.977848052978515625e-04 1.103596687316894531e-01
1.692198841691415548e+09 5.607604980468750000e-04 3.070499897003173828e-01
1.692198848092470407e+09 9.505748748779296875e-04 7.700705528259277344e-02
1.692198854254446268e+09 3.979206085205078125e-04 7.547307014465332031e-02
1.692198860351754665e+09 2.479553222656250000e-04 1.113383769989013672e-01
1.692198866486830950e+09 6.783008575439453125e-04 1.149933338165283203e-01
1.692198872691980600e+09 2.346038818359375000e-04 1.188232898712158203e-01
1.692198878897703409e+09 1.920461654663085938e-03 1.762802600860595703e-01
1.692198885162035942e+09 8.921623229980468750e-04 1.145405769348144531e-01
1.692198891291220665e+09 7.736682891845703125e-04 1.787426471710205078e-01
1.692198897555450201e+09 2.596378326416015625e-04 1.212544441223144531e-01
1.692198903696548223e+09 3.030538558959960938e-03 1.066477298736572266e-01
1.692198909893273115e+09 5.500316619873046875e-04 1.049306392669677734e-01
1.692198916083014011e+09 3.543853759765625000e-03 1.601474285125732422e-01
1.692198922347270727e+09 4.577636718750000000e-04 9.438681602478027344e-02
1.692198928471827269e+09 2.429485321044921875e-04 1.050271987915039062e-01
1.692198934584313631e+09 8.499622344970703125e-04 1.652595996856689453e-01
1.692198940856907606e+09 3.709793090820312500e-04 7.566618919372558594e-02
1.692198946952440023e+09 9.367465972900390625e-04 1.698584556579589844e-01
1.692198953156452656e+09 2.408027648925781250e-04 5.685687065124511719e-02
1.692198959237515688e+09 2.391338348388671875e-04 1.250033378601074219e-01
1.692198965404501915e+09 2.646446228027343750e-04 6.209468841552734375e-02
1.692198971537629843e+09 2.753734588623046875e-04 5.672121047973632812e-02
1.692198977633504868e+09 2.498626708984375000e-04 1.455924510955810547e-01
1.692198983821501017e+09 7.641315460205078125e-04 2.558586597442626953e-01
1.692198990145060062e+09 6.079673767089843750e-04 1.577255725860595703e-01
1.692198996346412182e+09 2.546310424804687500e-04 9.959340095520019531e-02
1.692199002477515459e+09 2.322196960449218750e-04 1.059436798095703125e-01
1.692199008692473650e+09 4.663467407226562500e-04 1.075129508972167969e-01
1.692199014892598152e+09 2.830028533935546875e-04 1.696610450744628906e-01
