1.692261252208425522e+09 4.513263702392578125e-04 5.810403823852539062e-02
1.692261258270925760e+09 9.007453918457031250e-04 1.145462989807128906e-01
1.692261264426223516e+09 1.940727233886718750e-04 7.929158210754394531e-02
1.692261270406705618e+09 2.765655517578125000e-04 7.325530052185058594e-02
1.692261276384133101e+09 3.864765167236328125e-04 5.324411392211914062e-02
1.692261282362126827e+09 8.790493011474609375e-04 1.119406223297119141e-01
1.692261288523738861e+09 9.188652038574218750e-04 4.319286346435546875e-02
1.692261294554785013e+09 5.359649658203125000e-04 7.515573501586914062e-02
1.692261300686146021e+09 2.079010009765625000e-04 5.696105957031250000e-02
1.692261306866914988e+09 1.831054687500000000e-04 3.129625320434570312e-02
1.692261313038054943e+09 8.685588836669921875e-04 6.303071975708007812e-02
1.692261319171294928e+09 1.914501190185546875e-04 8.816409111022949219e-02
1.692261325306363106e+09 1.859664916992187500e-04 3.410124778747558594e-02
1.692261331440941811e+09 4.038095474243164062e-03 8.509182929992675781e-02
1.692261337615954161e+09 8.370876312255859375e-04 6.054258346557617188e-02
1.692261343872612476e+09 7.956027984619140625e-04 4.059767723083496094e-02
1.692261350052470446e+09 4.706382751464843750e-04 4.241180419921875000e-02
1.692261356151684284e+09 1.789093017578125000e-03 8.070588111877441406e-02
1.692261362290886164e+09 2.088546752929687500e-04 3.735971450805664062e-02
1.692261368245124102e+09 2.255439758300781250e-04 6.455993652343750000e-02
1.692261374373060703e+09 5.633831024169921875e-04 4.062604904174804688e-02
1.692261380350392342e+09 2.493858337402343750e-04 3.899121284484863281e-02
1.692261386446708202e+09 2.260208129882812500e-04 5.561161041259765625e-02
1.692261392387923002e+09 4.954338073730468750e-04 4.527187347412109375e-02
1.692261398354989052e+09 3.614902496337890625e-03 9.191417694091796875e-02
1.692261404623804569e+09 5.230903625488281250e-04 4.249072074890136719e-02
1.692261410852274895e+09 5.531311035156250000e-04 5.064463615417480469e-02
1.692261417060542583e+09 8.811950683593750000e-04 4.951620101928710938e-02
1.692261422961256266e+09 8.759498596191406250e-04 4.718708992004394531e-02
1.692261428959334135e+09 8.864402770996093750e-04 1.164627075195312500e-01
