1.692281935893247604e+09 2.393484115600585938e-03 2.682373523712158203e-01
1.692281942249134064e+09 7.660388946533203125e-04 2.085847854614257812e-01
1.692281948476313829e+09 1.724481582641601562e-03 2.882452011108398438e-01
1.692281954863055468e+09 5.862712860107421875e-04 3.145937919616699219e-01
1.692281961298615694e+09 1.018285751342773438e-03 3.303999900817871094e-01
1.692281967701692820e+09 8.194446563720703125e-04 3.458836078643798828e-01
1.692281974112810612e+09 9.644031524658203125e-04 2.771627902984619141e-01
1.692281980449886322e+09 1.348781585693359375e-02 2.510318756103515625e-01
1.692281986726297140e+09 2.457380294799804688e-03 3.890349864959716797e-01
1.692281993164454699e+09 8.244514465332031250e-04 2.272701263427734375e-01
1.692281999412382126e+09 9.369850158691406250e-04 2.514352798461914062e-01
1.692282005741036177e+09 7.405281066894531250e-04 3.434214591979980469e-01
1.692282012135432005e+09 1.663923263549804688e-03 3.199982643127441406e-01
1.692282018507556200e+09 6.444454193115234375e-04 1.763172149658203125e-01
1.692282024777874231e+09 5.362033843994140625e-04 3.426623344421386719e-01
1.692282031223553658e+09 1.555681228637695312e-03 2.499499320983886719e-01
1.692282037518419981e+09 1.118183135986328125e-03 2.559640407562255859e-01
1.692282043851306915e+09 1.507043838500976562e-03 3.472290039062500000e-01
1.692282050219679594e+09 9.839534759521484375e-04 2.503938674926757812e-01
1.692282056573995590e+09 4.861354827880859375e-04 3.050494194030761719e-01
1.692282062907764912e+09 6.806850433349609375e-04 4.086718559265136719e-01
1.692282069375118494e+09 1.222372055053710938e-03 2.518489360809326172e-01
1.692282075721266508e+09 1.046419143676757812e-03 2.274594306945800781e-01
1.692282082009632349e+09 1.165628433227539062e-03 3.632392883300781250e-01
1.692282088434820414e+09 9.517669677734375000e-04 3.489422798156738281e-01
1.692282094816597462e+09 3.986835479736328125e-03 3.548390865325927734e-01
1.692282101229998589e+09 7.610321044921875000e-04 2.993924617767333984e-01
1.692282107563345671e+09 1.664876937866210938e-03 2.659327983856201172e-01
1.692282113868930101e+09 1.312732696533203125e-03 3.673818111419677734e-01
1.692282120359170198e+09 1.124858856201171875e-03 3.485991954803466797e-01
