1.692222749422831535e+09 6.825923919677734375e-04 9.862041473388671875e-02
1.692222755623028040e+09 6.372928619384765625e-04 8.084011077880859375e-02
1.692222761810936213e+09 5.486011505126953125e-04 4.662370681762695312e-02
1.692222767870706081e+09 2.906322479248046875e-04 3.948211669921875000e-02
1.692222773962346315e+09 2.574682235717773438e-03 8.433437347412109375e-02
1.692222780112277031e+09 5.729198455810546875e-04 5.461549758911132812e-02
1.692222786178537369e+09 1.759529113769531250e-04 3.894639015197753906e-02
1.692222792261004925e+09 6.115436553955078125e-04 7.653164863586425781e-02
1.692222798424409389e+09 6.351470947265625000e-04 8.121013641357421875e-02
1.692222804625092030e+09 4.525184631347656250e-04 8.048677444458007812e-02
1.692222810815316439e+09 5.786418914794921875e-04 4.530715942382812500e-02
1.692222816869628668e+09 4.241466522216796875e-04 4.410910606384277344e-02
1.692222822966555834e+09 3.604888916015625000e-04 7.462596893310546875e-02
1.692222829097259045e+09 5.748271942138671875e-04 1.072585582733154297e-01
1.692222835234168768e+09 1.997947692871093750e-04 1.131341457366943359e-01
1.692222841443288088e+09 5.180835723876953125e-04 4.397177696228027344e-02
1.692222847568037033e+09 1.833438873291015625e-04 4.880881309509277344e-02
1.692222853670773745e+09 2.641677856445312500e-04 1.028118133544921875e-01
1.692222859824954987e+09 1.940727233886718750e-04 7.960081100463867188e-02
1.692222866004651546e+09 1.807212829589843750e-04 8.531832695007324219e-02
1.692222872120813847e+09 2.064704895019531250e-04 9.589242935180664062e-02
1.692222878321444273e+09 3.788471221923828125e-04 5.804848670959472656e-02
1.692222884480783701e+09 1.559257507324218750e-04 7.253599166870117188e-02
1.692222890622572422e+09 2.305507659912109375e-04 4.762053489685058594e-02
1.692222896770583391e+09 5.254745483398437500e-04 1.058435440063476562e-01
1.692222902933249950e+09 1.859664916992187500e-04 4.601669311523437500e-02
1.692222909070185661e+09 5.323886871337890625e-04 1.110589504241943359e-01
1.692222915239741325e+09 9.193420410156250000e-04 1.312162876129150391e-01
1.692222921458370686e+09 1.809358596801757812e-03 7.652044296264648438e-02
1.692222927609084606e+09 5.414485931396484375e-04 1.035289764404296875e-01
