1.692280987774864674e+09 6.429910659790039062e-03 2.904465198516845703e-01
1.692280994166514635e+09 2.041339874267578125e-03 3.262720108032226562e-01
1.692281000500117779e+09 6.551742553710937500e-04 2.278611660003662109e-01
1.692281006795580626e+09 6.601810455322265625e-04 2.532241344451904297e-01
1.692281013123038530e+09 4.849433898925781250e-04 2.984158992767333984e-01
1.692281019475886822e+09 3.086090087890625000e-03 3.303592205047607422e-01
1.692281025925239563e+09 6.878376007080078125e-04 4.138245582580566406e-01
1.692281032381444454e+09 1.332759857177734375e-03 3.761749267578125000e-01
1.692281038850830793e+09 1.603364944458007812e-03 3.171119689941406250e-01
1.692281045189035892e+09 6.604194641113281250e-04 4.481484889984130859e-01
1.692281051723100424e+09 8.134841918945312500e-04 1.777606010437011719e-01
1.692281057967674017e+09 5.168914794921875000e-04 2.496936321258544922e-01
1.692281064249600172e+09 1.542329788208007812e-03 2.887980937957763672e-01
1.692281070569842339e+09 6.480216979980468750e-04 2.927060127258300781e-01
1.692281076963454962e+09 1.241683959960937500e-03 2.336511611938476562e-01
1.692281083313587189e+09 2.429485321044921875e-03 2.702834606170654297e-01
1.692281089657196522e+09 9.412765502929687500e-04 2.631297111511230469e-01
1.692281095932860136e+09 1.398086547851562500e-03 2.792301177978515625e-01
1.692281102254403830e+09 8.149147033691406250e-04 2.884919643402099609e-01
1.692281108576838493e+09 5.440711975097656250e-04 3.376226425170898438e-01
1.692281114929057121e+09 3.228425979614257812e-03 2.521607875823974609e-01
1.692281121245519400e+09 7.526874542236328125e-04 2.542347908020019531e-01
1.692281127550497055e+09 1.650571823120117188e-03 2.636232376098632812e-01
1.692281133837801456e+09 6.387233734130859375e-04 3.657279014587402344e-01
1.692281140288145304e+09 1.851081848144531250e-03 3.071939945220947266e-01
1.692281146600435257e+09 9.076595306396484375e-04 3.175470829010009766e-01
1.692281152987644196e+09 2.042055130004882812e-03 2.465481758117675781e-01
1.692281159346304417e+09 4.262924194335937500e-04 2.900247573852539062e-01
1.692281165680466890e+09 1.518487930297851562e-03 2.603826522827148438e-01
1.692281171972237587e+09 1.230239868164062500e-03 2.727336883544921875e-01
