1.692220216786577225e+09 3.170967102050781250e-04 6.264162063598632812e-02
1.692220222949064970e+09 2.746582031250000000e-04 1.596255302429199219e-01
1.692220229151341677e+09 3.175258636474609375e-03 1.121089458465576172e-01
1.692220235314804077e+09 1.274585723876953125e-03 1.285283565521240234e-01
1.692220241529612541e+09 4.770755767822265625e-04 8.353543281555175781e-02
1.692220247672365427e+09 2.346038818359375000e-04 1.454207897186279297e-01
1.692220253838259459e+09 2.400875091552734375e-04 1.276235580444335938e-01
1.692220260013652325e+09 8.587837219238281250e-04 3.123800754547119141e-01
1.692220266420250893e+09 2.315044403076171875e-04 7.313632965087890625e-02
1.692220272563328981e+09 2.472400665283203125e-04 1.227400302886962891e-01
1.692220278711830616e+09 2.565383911132812500e-04 1.645123958587646484e-01
1.692220284950570345e+09 3.547668457031250000e-04 9.948015213012695312e-02
1.692220291086732864e+09 2.439022064208984375e-04 1.224436759948730469e-01
1.692220297211853027e+09 4.595994949340820312e-03 1.004908084869384766e-01
1.692220303404315472e+09 1.380681991577148438e-03 1.782965660095214844e-01
1.692220309676477194e+09 2.839565277099609375e-04 6.841707229614257812e-02
1.692220315754922628e+09 3.596067428588867188e-03 1.055691242218017578e-01
1.692220321912339687e+09 3.616809844970703125e-04 2.137262821197509766e-01
1.692220328200534344e+09 5.958080291748046875e-04 1.354587078094482422e-01
1.692220334429845572e+09 3.118515014648437500e-04 1.456584930419921875e-01
1.692220340634304762e+09 2.501010894775390625e-04 1.907060146331787109e-01
1.692220346877109289e+09 2.603530883789062500e-04 1.906611919403076172e-01
1.692220353078789949e+09 5.602836608886718750e-04 1.280045509338378906e-01
1.692220359223665237e+09 2.596378326416015625e-04 1.665036678314208984e-01
1.692220365452522993e+09 2.441406250000000000e-04 1.187078952789306641e-01
1.692220371604826927e+09 1.026630401611328125e-03 1.261682510375976562e-01
1.692220377821362734e+09 2.932548522949218750e-04 2.020354270935058594e-01
1.692220384088741302e+09 3.218650817871093750e-04 1.591682434082031250e-01
1.692220390351393223e+09 4.382133483886718750e-04 1.246011257171630859e-01
1.692220396514121771e+09 3.573894500732421875e-04 1.285705566406250000e-01
