1.692222109746809244e+09 3.280639648437500000e-04 1.452224254608154297e-01
1.692222115993988037e+09 5.044937133789062500e-04 1.710238456726074219e-01
1.692222122220461607e+09 2.610683441162109375e-04 1.134643554687500000e-01
1.692222128360828876e+09 3.721714019775390625e-04 8.064055442810058594e-02
1.692222134530883074e+09 2.658367156982421875e-04 2.318162918090820312e-01
1.692222140780431032e+09 3.526210784912109375e-04 1.141629219055175781e-01
1.692222146963599920e+09 2.257823944091796875e-04 1.910705566406250000e-01
1.692222153238142729e+09 3.919601440429687500e-04 8.555769920349121094e-02
1.692222159336298466e+09 3.426074981689453125e-04 1.507735252380371094e-01
1.692222165500283957e+09 7.417201995849609375e-04 1.643917560577392578e-01
1.692222171735729456e+09 3.633499145507812500e-04 1.202275753021240234e-01
1.692222177868446589e+09 2.486705780029296875e-04 1.853809356689453125e-01
1.692222184132745266e+09 5.764961242675781250e-04 1.328771114349365234e-01
1.692222190281909704e+09 2.639293670654296875e-04 1.138651371002197266e-01
1.692222196462176800e+09 2.505779266357421875e-04 1.191871166229248047e-01
1.692222202666684151e+09 2.970695495605468750e-04 1.664321422576904297e-01
1.692222208914364576e+09 5.280017852783203125e-03 1.043477058410644531e-01
1.692222215058404446e+09 4.277229309082031250e-04 1.332499980926513672e-01
1.692222221289678335e+09 1.465320587158203125e-03 1.057405471801757812e-01
1.692222227462188721e+09 8.376598358154296875e-03 1.538121700286865234e-01
1.692222233721764326e+09 3.581047058105468750e-04 1.175088882446289062e-01
1.692222239865874529e+09 2.458095550537109375e-04 1.593337059020996094e-01
1.692222246107148647e+09 6.642341613769531250e-04 7.496809959411621094e-02
1.692222252227689981e+09 2.512931823730468750e-04 1.191165447235107422e-01
1.692222258372222662e+09 6.082057952880859375e-04 1.015610694885253906e-01
1.692222264551906824e+09 2.949237823486328125e-04 1.317596435546875000e-01
1.692222270692065716e+09 4.014968872070312500e-04 1.083824634552001953e-01
1.692222276856165409e+09 2.586841583251953125e-04 1.209709644317626953e-01
1.692222283069149733e+09 3.619194030761718750e-04 1.855258941650390625e-01
1.692222289337135077e+09 3.430843353271484375e-04 1.765420436859130859e-01
