1.692224957029717922e+09 2.642393112182617188e-03 7.394456863403320312e-02
1.692224963199074745e+09 9.419918060302734375e-04 1.118774414062500000e-01
1.692224969334456682e+09 1.952648162841796875e-04 7.591414451599121094e-02
1.692224975497894287e+09 5.488395690917968750e-04 5.153918266296386719e-02
1.692224981571353436e+09 5.528926849365234375e-04 4.165863990783691406e-02
1.692224987661484957e+09 4.496574401855468750e-04 7.052111625671386719e-02
1.692224993788892746e+09 2.368927001953125000e-03 8.042287826538085938e-02
1.692224999924664021e+09 2.837181091308593750e-04 5.719947814941406250e-02
1.692225006077068329e+09 5.488395690917968750e-04 1.152386665344238281e-01
1.692225012245366812e+09 1.816749572753906250e-04 9.071922302246093750e-02
1.692225018419862986e+09 1.983642578125000000e-04 6.296992301940917969e-02
1.692225024582772255e+09 4.801750183105468750e-04 7.853317260742187500e-02
1.692225030715384483e+09 5.738735198974609375e-04 9.189176559448242188e-02
1.692225036812735796e+09 5.581378936767578125e-04 4.322075843811035156e-02
1.692225042863947392e+09 5.285739898681640625e-04 4.191803932189941406e-02
1.692225048962022543e+09 3.778934478759765625e-04 4.869937896728515625e-02
1.692225055067885399e+09 1.890659332275390625e-04 8.366680145263671875e-02
1.692225061223883629e+09 3.873586654663085938e-03 8.034729957580566406e-02
1.692225067412992001e+09 6.027221679687500000e-04 4.484677314758300781e-02
1.692225073465399742e+09 1.728534698486328125e-04 4.070186614990234375e-02
1.692225079558924437e+09 5.195140838623046875e-04 7.128310203552246094e-02
1.692225085693945885e+09 6.382465362548828125e-04 1.000657081604003906e-01
1.692225091820953608e+09 5.583763122558593750e-04 1.070489883422851562e-01
1.692225098027570963e+09 8.044242858886718750e-03 7.870244979858398438e-02
1.692225104226593971e+09 5.247592926025390625e-04 1.102046966552734375e-01
1.692225110430926085e+09 1.773834228515625000e-04 3.007650375366210938e-02
1.692225116548257589e+09 1.702308654785156250e-04 3.211712837219238281e-02
1.692225122649872541e+09 1.692771911621093750e-04 5.036902427673339844e-02
1.692225128769240379e+09 5.517005920410156250e-04 1.086184978485107422e-01
1.692225134932511330e+09 1.391172409057617188e-03 6.799840927124023438e-02
