1.692216115140829563e+09 5.247592926025390625e-04 2.130656242370605469e-01
1.692216121476874828e+09 1.327037811279296875e-03 1.172535419464111328e-01
1.692216127666476488e+09 2.429485321044921875e-04 1.990494728088378906e-01
1.692216133940058708e+09 5.838871002197265625e-04 2.210190296173095703e-01
1.692216140274952888e+09 7.157325744628906250e-04 7.113599777221679688e-02
1.692216146412647247e+09 2.748966217041015625e-04 1.174771785736083984e-01
1.692216152562351704e+09 3.983974456787109375e-04 9.424400329589843750e-02
1.692216158738480568e+09 2.267360687255859375e-04 1.440696716308593750e-01
1.692216164890461683e+09 2.634525299072265625e-04 1.142723560333251953e-01
1.692216171055318117e+09 1.735687255859375000e-03 2.036643028259277344e-01
1.692216177348084450e+09 3.345727920532226562e-03 1.063210964202880859e-01
1.692216183564738989e+09 7.271766662597656250e-04 1.654043197631835938e-01
1.692216189816716909e+09 3.024339675903320312e-03 1.625864505767822266e-01
1.692216196006916523e+09 2.903938293457031250e-04 5.109786987304687500e-02
1.692216202093754530e+09 5.307197570800781250e-04 8.950233459472656250e-02
1.692216208241276741e+09 2.429485321044921875e-04 9.944343566894531250e-02
1.692216214440468550e+09 3.533363342285156250e-04 9.104847908020019531e-02
1.692216220639966488e+09 3.321170806884765625e-04 1.319267749786376953e-01
1.692216226777424335e+09 3.889083862304687500e-03 1.037189960479736328e-01
1.692216232955494881e+09 6.601810455322265625e-04 1.396045684814453125e-01
1.692216239181223631e+09 2.641677856445312500e-04 1.080086231231689453e-01
1.692216245349056721e+09 3.676414489746093750e-04 1.055154800415039062e-01
1.692216251551199913e+09 4.446506500244140625e-04 1.548397541046142578e-01
1.692216257802445889e+09 3.378391265869140625e-04 1.145532131195068359e-01
1.692216263959285259e+09 2.336502075195312500e-04 1.130130290985107422e-01
1.692216270153827429e+09 5.619287490844726562e-03 1.061408519744873047e-01
1.692216276353155613e+09 2.520084381103515625e-04 7.574534416198730469e-02
1.692216282519554377e+09 2.384185791015625000e-04 5.123496055603027344e-02
1.692216288606181860e+09 2.808570861816406250e-04 8.637332916259765625e-02
1.692216294728888988e+09 3.805160522460937500e-04 1.591238975524902344e-01
