1.692266203145437479e+09 1.583337783813476562e-03 9.885835647583007812e-02
1.692266209252318144e+09 2.713203430175781250e-04 2.109162807464599609e-01
1.692266215353502750e+09 2.968311309814453125e-04 5.658221244812011719e-02
1.692266221499420404e+09 3.921985626220703125e-04 1.496672630310058594e-01
1.692266227812640667e+09 1.263618469238281250e-03 1.088130474090576172e-01
1.692266234060067415e+09 2.758502960205078125e-04 9.822010993957519531e-02
1.692266240140960455e+09 2.481937408447265625e-04 1.644258499145507812e-01
1.692266246421051025e+09 2.982616424560546875e-04 1.283152103424072266e-01
1.692266252571811676e+09 5.397796630859375000e-04 1.935107707977294922e-01
1.692266258748131275e+09 1.122951507568359375e-03 8.427882194519042969e-02
1.692266264830849648e+09 4.808902740478515625e-04 1.330018043518066406e-01
1.692266270987975836e+09 8.852481842041015625e-04 1.623029708862304688e-01
1.692266277208991528e+09 2.806186676025390625e-04 1.335535049438476562e-01
1.692266283380203962e+09 8.823871612548828125e-04 1.342756748199462891e-01
1.692266289482589960e+09 4.098415374755859375e-04 1.206350326538085938e-01
1.692266295663884878e+09 3.477096557617187500e-03 1.031656265258789062e-01
1.692266301856039047e+09 9.295940399169921875e-04 2.946074008941650391e-01
1.692266308357674360e+09 5.311965942382812500e-04 8.409833908081054688e-02
1.692266314637313128e+09 2.872943878173828125e-04 2.264833450317382812e-01
1.692266320878560305e+09 6.637573242187500000e-04 1.433928012847900391e-01
1.692266327090182781e+09 7.724761962890625000e-04 1.032567024230957031e-01
1.692266333252403498e+09 2.734661102294921875e-04 1.069433689117431641e-01
1.692266339349518538e+09 2.503395080566406250e-04 2.169051170349121094e-01
1.692266345666104794e+09 3.325939178466796875e-04 2.209796905517578125e-01
1.692266351769140005e+09 1.277685165405273438e-03 1.551077365875244141e-01
1.692266358115593433e+09 3.778934478759765625e-04 6.832718849182128906e-02
1.692266364316058159e+09 1.390218734741210938e-03 9.615755081176757812e-02
1.692266370353488445e+09 3.259181976318359375e-04 1.763715744018554688e-01
1.692266376519998312e+09 2.882480621337890625e-04 2.293927669525146484e-01
1.692266382672041655e+09 3.814697265625000000e-04 8.069705963134765625e-02
