1.692199151189519167e+09 6.315708160400390625e-04 8.582472801208496094e-02
1.692199157379803181e+09 3.423690795898437500e-04 1.206233501434326172e-01
1.692199163510466337e+09 4.281997680664062500e-04 1.621174812316894531e-01
1.692199169750082493e+09 1.345634460449218750e-03 1.096396446228027344e-01
1.692199175905429602e+09 3.180503845214843750e-04 2.957398891448974609e-01
1.692199182289361715e+09 3.151893615722656250e-04 1.632509231567382812e-01
1.692199188552539110e+09 2.231597900390625000e-04 2.402932643890380859e-01
1.692199194835652590e+09 2.565383911132812500e-04 1.018702983856201172e-01
1.692199200991222382e+09 8.153915405273437500e-04 1.766092777252197266e-01
1.692199207279150724e+09 2.436637878417968750e-04 6.279420852661132812e-02
1.692199213349699020e+09 8.111000061035156250e-03 1.880121231079101562e-01
1.692199219594624281e+09 4.214048385620117188e-03 1.487669944763183594e-01
1.692199225761177778e+09 7.798671722412109375e-04 1.506474018096923828e-01
1.692199231943670988e+09 3.225803375244140625e-04 2.319169044494628906e-01
1.692199238220998049e+09 3.104209899902343750e-04 1.737294197082519531e-01
1.692199244462428093e+09 3.180503845214843750e-04 2.151134014129638672e-01
1.692199250725765944e+09 2.930164337158203125e-04 1.259915828704833984e-01
1.692199256915164709e+09 1.832008361816406250e-03 1.198968887329101562e-01
1.692199263109928846e+09 5.080699920654296875e-04 2.098453044891357422e-01
1.692199269402123928e+09 4.246234893798828125e-04 8.319520950317382812e-02
1.692199275573122740e+09 2.298355102539062500e-04 5.449700355529785156e-02
1.692199281644023418e+09 2.498626708984375000e-04 1.650419235229492188e-01
1.692199287852766991e+09 7.023811340332031250e-04 1.595149040222167969e-01
1.692199294051051617e+09 2.584457397460937500e-04 5.528187751770019531e-02
1.692199300143269777e+09 2.377033233642578125e-04 1.425495147705078125e-01
1.692199306330709696e+09 9.407997131347656250e-04 1.412720680236816406e-01
1.692199312536943197e+09 2.357959747314453125e-04 6.065058708190917969e-02
1.692199318652621031e+09 5.342960357666015625e-04 1.270501613616943359e-01
1.692199324830825806e+09 2.336502075195312500e-04 5.247449874877929688e-02
1.692199330939268827e+09 8.546352386474609375e-03 1.872043609619140625e-01
