1.692270619970638037e+09 7.264614105224609375e-03 1.000249385833740234e-01
1.692270626279463768e+09 5.176067352294921875e-04 1.523170471191406250e-01
1.692270632325363874e+09 3.578662872314453125e-04 6.012487411499023438e-02
1.692270638430940390e+09 2.713203430175781250e-04 1.489603519439697266e-01
1.692270644621994495e+09 1.884937286376953125e-03 2.557568550109863281e-01
1.692270650954469919e+09 2.715587615966796875e-04 1.293795108795166016e-01
1.692270657100308180e+09 8.459091186523437500e-04 7.824110984802246094e-02
1.692270663450373173e+09 1.264333724975585938e-03 2.699270248413085938e-01
1.692270669955400467e+09 2.734661102294921875e-04 1.262345314025878906e-01
1.692270676097234011e+09 2.751350402832031250e-04 2.096920013427734375e-01
1.692270682281712294e+09 2.541542053222656250e-04 1.168751716613769531e-01
1.692270688495327950e+09 2.818107604980468750e-04 1.575038433074951172e-01
1.692270694646883011e+09 2.016067504882812500e-03 1.281783580780029297e-01
1.692270700700785398e+09 7.672309875488281250e-04 1.246337890625000000e-01
1.692270706999319077e+09 2.613067626953125000e-04 1.898705959320068359e-01
1.692270713363708496e+09 8.196830749511718750e-04 1.222708225250244141e-01
1.692270719594804764e+09 2.932548522949218750e-04 1.426961421966552734e-01
1.692270725814425230e+09 5.853176116943359375e-04 2.981793880462646484e-01
1.692270732070905924e+09 3.492832183837890625e-04 1.241927146911621094e-01
1.692270738095587254e+09 2.455711364746093750e-04 1.939747333526611328e-01
1.692270744270764112e+09 2.822875976562500000e-04 2.177171707153320312e-01
1.692270750605810881e+09 1.962661743164062500e-03 1.618573665618896484e-01
1.692270756763939142e+09 2.746582031250000000e-04 1.340961456298828125e-01
1.692270762904749393e+09 2.751350402832031250e-04 1.421341896057128906e-01
1.692270769113306761e+09 1.467466354370117188e-03 1.612017154693603516e-01
1.692270775336265564e+09 1.075506210327148438e-03 5.011336803436279297e-01
1.692270781986454010e+09 9.160041809082031250e-04 2.014784812927246094e-01
1.692270788386831999e+09 5.548000335693359375e-04 7.396268844604492188e-02
1.692270794450381994e+09 6.737709045410156250e-04 1.994030475616455078e-01
1.692270800873781681e+09 3.798007965087890625e-04 2.652373313903808594e-01
