1.692202937572372913e+09 2.930164337158203125e-04 5.743479728698730469e-02
1.692202943740391731e+09 1.159191131591796875e-03 9.059500694274902344e-02
1.692202949871596336e+09 3.199577331542968750e-04 1.864776611328125000e-01
1.692202956083223104e+09 7.274150848388671875e-04 1.430704593658447266e-01
1.692202962321676493e+09 2.872943878173828125e-04 1.611866950988769531e-01
1.692202968534416676e+09 8.215904235839843750e-04 1.421344280242919922e-01
1.692202974725148678e+09 2.204179763793945312e-03 1.749868392944335938e-01
1.692202980954584837e+09 8.702278137207031250e-04 9.864282608032226562e-02
1.692202987092342615e+09 1.513242721557617188e-03 2.325191497802734375e-01
1.692202993408889532e+09 3.387928009033203125e-04 8.540153503417968750e-02
1.692202999560238361e+09 2.729892730712890625e-04 2.366509437561035156e-01
1.692203005809459686e+09 6.942749023437500000e-04 1.213915348052978516e-01
1.692203011994273424e+09 5.916595458984375000e-03 1.101176738739013672e-01
1.692203018192354441e+09 2.286434173583984375e-04 1.964538097381591797e-01
1.692203024469405174e+09 3.974437713623046875e-04 1.651124954223632812e-01
1.692203030637621164e+09 2.816915512084960938e-03 1.212553977966308594e-01
1.692203036799841404e+09 4.086732864379882812e-03 1.901342868804931641e-01
1.692203043074088335e+09 4.671573638916015625e-03 1.737837791442871094e-01
1.692203049273701429e+09 1.234531402587890625e-03 9.471058845520019531e-02
1.692203055473363638e+09 8.132457733154296875e-04 6.002593040466308594e-02
1.692203061639530659e+09 3.037452697753906250e-04 1.372683048248291016e-01
1.692203067810817719e+09 3.209114074707031250e-04 2.060792446136474609e-01
1.692203074079951286e+09 2.324581146240234375e-04 1.185064315795898438e-01
1.692203080294726133e+09 3.862380981445312500e-04 1.581673622131347656e-01
1.692203086533119440e+09 2.230405807495117188e-03 1.537303924560546875e-01
1.692203092733727217e+09 1.325368881225585938e-03 1.377234458923339844e-01
1.692203098917330027e+09 2.481937408447265625e-04 1.242935657501220703e-01
1.692203105101948023e+09 2.694129943847656250e-04 9.049487113952636719e-02
1.692203111284992933e+09 3.621578216552734375e-04 1.528782844543457031e-01
1.692203117528007507e+09 3.600120544433593750e-04 1.698775291442871094e-01
