1.692257683704738617e+09 3.106594085693359375e-04 8.490371704101562500e-02
1.692257689689609766e+09 7.393360137939453125e-04 2.647886276245117188e-01
1.692257695770414829e+09 3.304481506347656250e-04 1.532309055328369141e-01
1.692257702257603645e+09 1.071691513061523438e-03 1.690208911895751953e-01
1.692257708687742949e+09 8.964538574218750000e-04 1.436204910278320312e-01
1.692257715151399851e+09 7.708072662353515625e-04 1.476981639862060547e-01
1.692257721458314657e+09 1.241445541381835938e-03 1.763036251068115234e-01
1.692257727782391548e+09 6.322860717773437500e-04 1.987071037292480469e-01
1.692257733906349659e+09 2.689361572265625000e-04 1.291444301605224609e-01
1.692257740234326601e+09 1.639366149902343750e-03 1.750843524932861328e-01
1.692257746389256001e+09 2.393722534179687500e-04 1.698524951934814453e-01
1.692257752574404001e+09 1.108646392822265625e-03 2.914879322052001953e-01
1.692257758900779486e+09 6.353855133056640625e-04 1.588878631591796875e-01
1.692257765067044973e+09 2.582073211669921875e-04 6.232309341430664062e-02
1.692257771266158819e+09 1.039505004882812500e-03 1.381111145019531250e-01
1.692257777444541931e+09 6.549358367919921875e-04 6.196022033691406250e-02
1.692257783571535110e+09 8.254051208496093750e-04 2.349593639373779297e-01
1.692257789852727652e+09 3.130435943603515625e-04 1.937735080718994141e-01
1.692257796200699329e+09 6.484985351562500000e-04 8.038854598999023438e-02
1.692257802289772749e+09 8.952617645263671875e-04 2.942082881927490234e-01
1.692257808610081673e+09 2.818107604980468750e-04 1.936218738555908203e-01
1.692257814905786514e+09 4.711151123046875000e-04 1.227014064788818359e-01
1.692257820928160906e+09 2.541542053222656250e-04 1.194884777069091797e-01
1.692257827027711391e+09 2.570152282714843750e-04 1.088283061981201172e-01
1.692257833214487076e+09 3.566741943359375000e-04 6.165719032287597656e-02
1.692257839483911753e+09 2.608299255371093750e-04 1.915516853332519531e-01
1.692257845696582556e+09 1.665830612182617188e-03 1.410079002380371094e-01
1.692257851850291014e+09 5.230903625488281250e-04 1.811292171478271484e-01
1.692257858190491676e+09 2.222681045532226562e-02 2.710020542144775391e-01
1.692257864512655973e+09 9.627342224121093750e-04 2.887403964996337891e-01
