1.692267243272325039e+09 6.594657897949218750e-04 5.097746849060058594e-02
1.692267249324079514e+09 5.741119384765625000e-04 6.495165824890136719e-02
1.692267255437592030e+09 4.214048385620117188e-03 7.944989204406738281e-02
1.692267261466089010e+09 3.054141998291015625e-04 7.396674156188964844e-02
1.692267267644942999e+09 3.736019134521484375e-04 4.683971405029296875e-02
1.692267273818425179e+09 1.621246337890625000e-04 5.324578285217285156e-02
1.692267279925609589e+09 3.793239593505859375e-04 6.751132011413574219e-02
1.692267286049537182e+09 5.433559417724609375e-04 4.473900794982910156e-02
1.692267292217844009e+09 5.767345428466796875e-04 1.048398017883300781e-01
1.692267298277902842e+09 5.722045898437500000e-04 4.504203796386718750e-02
1.692267304317986488e+09 5.204677581787109375e-04 1.106917858123779297e-01
1.692267310395563126e+09 9.808540344238281250e-04 8.053517341613769531e-02
1.692267316555664539e+09 5.381107330322265625e-04 4.968714714050292969e-02
1.692267322822546959e+09 5.288124084472656250e-04 4.721975326538085938e-02
1.692267328720094681e+09 5.254745483398437500e-04 1.073327064514160156e-01
1.692267334980270863e+09 1.842975616455078125e-04 3.807139396667480469e-02
1.692267340910881758e+09 1.561641693115234375e-04 5.545377731323242188e-02
1.692267347025475025e+09 8.556842803955078125e-04 1.139585971832275391e-01
1.692267353189648628e+09 8.893013000488281250e-04 1.062715053558349609e-01
1.692267359181758642e+09 5.280971527099609375e-04 1.282160282135009766e-01
1.692267365401125193e+09 5.645751953125000000e-04 4.511475563049316406e-02
1.692267371618055344e+09 1.904964447021484375e-04 5.075287818908691406e-02
1.692267377721228838e+09 1.673698425292968750e-04 3.216361999511718750e-02
1.692267383903224468e+09 5.366802215576171875e-04 4.390501976013183594e-02
1.692267389916948557e+09 1.014232635498046875e-03 8.741807937622070312e-02
1.692267396062728167e+09 2.493858337402343750e-04 4.420042037963867188e-02
1.692267402218024015e+09 5.898475646972656250e-04 4.154086112976074219e-02
1.692267408214828014e+09 5.319118499755859375e-04 6.849670410156250000e-02
1.692267414241797209e+09 5.657672882080078125e-04 8.585786819458007812e-02
1.692267420468605280e+09 5.006790161132812500e-04 4.513669013977050781e-02
