1.692256106347447634e+09 9.899139404296875000e-04 1.564266681671142578e-01
1.692256112406545877e+09 3.629922866821289062e-03 2.127511501312255859e-01
1.692256118667604685e+09 4.394054412841796875e-04 8.244729042053222656e-02
1.692256124735846281e+09 3.907680511474609375e-04 2.312006950378417969e-01
1.692256130980423927e+09 1.219749450683593750e-03 3.433799743652343750e-01
1.692256137302927017e+09 1.355409622192382812e-03 3.870544433593750000e-01
1.692256143778522491e+09 3.061294555664062500e-04 6.351041793823242188e-02
1.692256149811964989e+09 2.903938293457031250e-04 2.010629177093505859e-01
1.692256155958612204e+09 2.479553222656250000e-03 1.876363754272460938e-01
1.692256162243005276e+09 2.443790435791015625e-04 1.549906730651855469e-01
1.692256168503742695e+09 7.479190826416015625e-04 2.347574234008789062e-01
1.692256174986026764e+09 1.269340515136718750e-02 2.594454288482666016e-01
1.692256181322996378e+09 4.860639572143554688e-03 3.806810379028320312e-01
1.692256187740109444e+09 1.046657562255859375e-03 1.859955787658691406e-01
1.692256193905299187e+09 3.015995025634765625e-04 2.077300548553466797e-01
1.692256200064825296e+09 4.177093505859375000e-04 2.848560810089111328e-01
1.692256206533910275e+09 1.613140106201171875e-03 4.429020881652832031e-01
1.692256212900396347e+09 1.478433609008789062e-03 1.798501014709472656e-01
1.692256219061123371e+09 2.827644348144531250e-04 2.617275714874267578e-01
1.692256225315575361e+09 1.746892929077148438e-03 3.713417053222656250e-01
1.692256231930275679e+09 1.265764236450195312e-03 3.230834007263183594e-01
1.692256238296159506e+09 2.775192260742187500e-04 4.619407653808593750e-01
1.692256244723809958e+09 3.118515014648437500e-04 2.430474758148193359e-01
1.692256251000636816e+09 4.241466522216796875e-04 2.234303951263427734e-01
1.692256257373343468e+09 3.798007965087890625e-04 3.843259811401367188e-01
1.692256263839031935e+09 1.408338546752929688e-03 3.085734844207763672e-01
1.692256270231413841e+09 3.747940063476562500e-04 2.452447414398193359e-01
1.692256276501247406e+09 1.113176345825195312e-03 2.715163230895996094e-01
1.692256282937278509e+09 2.501964569091796875e-03 2.241506576538085938e-01
1.692256289424255133e+09 3.590583801269531250e-04 3.802919387817382812e-01
