1.692193471574299097e+09 3.082752227783203125e-04 1.912524700164794922e-01
1.692193477866017103e+09 6.291866302490234375e-04 1.649794578552246094e-01
1.692193484041831970e+09 8.895397186279296875e-04 1.303930282592773438e-01
1.692193490227472067e+09 2.112865447998046875e-03 1.867022514343261719e-01
1.692193496481452465e+09 2.520084381103515625e-04 1.788809299468994141e-01
1.692193502753374815e+09 2.808570861816406250e-04 1.505634784698486328e-01
1.692193508938359976e+09 9.164810180664062500e-04 6.841158866882324219e-02
1.692193515048816204e+09 1.529932022094726562e-03 1.525580883026123047e-01
1.692193521236898661e+09 2.443790435791015625e-04 1.555051803588867188e-01
1.692193527430256605e+09 2.410411834716796875e-04 1.646361351013183594e-01
1.692193533642425776e+09 7.922649383544921875e-04 9.591937065124511719e-02
1.692193539783581495e+09 5.228519439697265625e-04 1.027021408081054688e-01
1.692193545979761362e+09 4.522800445556640625e-04 1.182200908660888672e-01
1.692193552193764687e+09 3.881454467773437500e-04 6.458950042724609375e-02
1.692193558343969107e+09 2.377033233642578125e-04 1.119146347045898438e-01
1.692193564491418600e+09 1.728057861328125000e-03 1.328058242797851562e-01
1.692193570712472439e+09 1.085042953491210938e-03 1.371090412139892578e-01
1.692193576924635887e+09 3.383159637451171875e-04 1.710121631622314453e-01
1.692193583146142483e+09 7.109642028808593750e-04 1.247947216033935547e-01
1.692193589303070545e+09 3.023147583007812500e-04 1.129276752471923828e-01
1.692193595488736629e+09 3.252029418945312500e-04 9.592223167419433594e-02
1.692193601671894073e+09 4.835128784179687500e-04 1.514551639556884766e-01
1.692193607828602076e+09 2.167224884033203125e-04 1.550049781799316406e-01
1.692193614033053160e+09 2.951622009277343750e-04 1.313259601593017578e-01
1.692193620208439827e+09 2.350807189941406250e-04 1.926059722900390625e-01
1.692193626467264652e+09 2.138614654541015625e-04 9.125447273254394531e-02
1.692193632567855835e+09 8.347034454345703125e-04 9.221196174621582031e-02
1.692193638670607328e+09 2.179145812988281250e-04 9.279847145080566406e-02
1.692193644776532650e+09 2.851486206054687500e-04 1.505889892578125000e-01
1.692193651026005745e+09 2.741336822509765625e-03 2.015492916107177734e-01
