1.692270081278631210e+09 6.608963012695312500e-04 7.266473770141601562e-02
1.692270087353852272e+09 6.186962127685546875e-04 8.695530891418457031e-02
1.692270093582149982e+09 2.181529998779296875e-04 9.858632087707519531e-02
1.692270099677999258e+09 2.213478088378906250e-03 3.550529479980468750e-02
1.692270105816710234e+09 2.198219299316406250e-04 9.626841545104980469e-02
1.692270112175866127e+09 5.633831024169921875e-04 1.057875156402587891e-01
1.692270118486423731e+09 5.481243133544921875e-04 4.376578330993652344e-02
1.692270124524770975e+09 1.850128173828125000e-04 7.669520378112792969e-02
1.692270130595544338e+09 3.306627273559570312e-03 1.106977462768554688e-01
1.692270136803404808e+09 1.862049102783203125e-04 4.242801666259765625e-02
1.692270142721196413e+09 5.445480346679687500e-04 9.794282913208007812e-02
1.692270148779239893e+09 2.095699310302734375e-04 8.713412284851074219e-02
1.692270154975188971e+09 5.600452423095703125e-04 4.199314117431640625e-02
1.692270161023406029e+09 1.738071441650390625e-04 5.425906181335449219e-02
1.692270167333067179e+09 5.342960357666015625e-04 4.779958724975585938e-02
1.692270173328784704e+09 3.457784652709960938e-03 7.900428771972656250e-02
1.692270179377160788e+09 6.036758422851562500e-04 8.521151542663574219e-02
1.692270185466211319e+09 8.850097656250000000e-04 6.227040290832519531e-02
1.692270191545602322e+09 2.670288085937500000e-04 3.619766235351562500e-02
1.692270197615906239e+09 8.072853088378906250e-04 3.906798362731933594e-02
1.692270203921572924e+09 5.068778991699218750e-04 8.701300621032714844e-02
1.692270209977822542e+09 8.888244628906250000e-04 1.005887985229492188e-01
1.692270216184063435e+09 1.539230346679687500e-03 5.173563957214355469e-02
1.692270222335978508e+09 6.010532379150390625e-04 7.927703857421875000e-02
1.692270228479323387e+09 1.778602600097656250e-04 8.039593696594238281e-02
1.692270234666623354e+09 1.928806304931640625e-04 7.600688934326171875e-02
1.692270240854611397e+09 1.826286315917968750e-04 3.122615814208984375e-02
1.692270247009356499e+09 2.138614654541015625e-04 5.753946304321289062e-02
1.692270252937836409e+09 2.179145812988281250e-04 6.241679191589355469e-02
1.692270259142157316e+09 1.749992370605468750e-04 3.712606430053710938e-02
