1.692224010712728024e+09 6.129741668701171875e-04 5.337381362915039062e-02
1.692224016867357016e+09 2.005100250244140625e-04 5.437898635864257812e-02
1.692224022966970682e+09 3.118991851806640625e-03 9.525942802429199219e-02
1.692224029126098394e+09 2.958774566650390625e-04 7.654428482055664062e-02
1.692224035290632725e+09 5.798339843750000000e-04 4.837918281555175781e-02
1.692224041362314224e+09 2.179145812988281250e-04 5.242490768432617188e-02
1.692224047464403391e+09 1.676082611083984375e-04 4.102754592895507812e-02
1.692224053552383184e+09 1.757621765136718750e-03 8.335494995117187500e-02
1.692224059698181629e+09 5.176067352294921875e-04 1.280155181884765625e-01
1.692224065841963053e+09 4.954338073730468750e-04 1.011290550231933594e-01
1.692224072015247583e+09 5.631446838378906250e-04 1.139507293701171875e-01
1.692224078228166580e+09 1.662492752075195312e-03 7.793545722961425781e-02
1.692224084393923283e+09 4.901885986328125000e-04 5.162334442138671875e-02
1.692224090465321064e+09 4.403591156005859375e-04 4.766416549682617188e-02
1.692224096560299397e+09 5.075931549072265625e-04 8.853507041931152344e-02
1.692224102702300787e+09 5.719661712646484375e-04 4.964876174926757812e-02
1.692224108763940573e+09 2.276897430419921875e-04 4.461002349853515625e-02
1.692224114857616901e+09 5.016326904296875000e-04 5.164241790771484375e-02
1.692224120967439175e+09 5.116462707519531250e-04 4.975223541259765625e-02
1.692224127063300133e+09 1.479387283325195312e-03 6.398558616638183594e-02
1.692224133177408695e+09 5.609989166259765625e-04 1.095683574676513672e-01
1.692224139323796511e+09 2.722978591918945312e-03 7.252287864685058594e-02
1.692224145487908125e+09 2.429485321044921875e-04 5.470395088195800781e-02
1.692224151589980602e+09 5.435943603515625000e-04 1.052615642547607422e-01
1.692224157719269991e+09 8.049011230468750000e-04 1.083989143371582031e-01
1.692224163924860001e+09 1.959800720214843750e-04 7.721042633056640625e-02
1.692224170093593121e+09 5.002021789550781250e-04 4.760885238647460938e-02
1.692224176161860466e+09 5.302429199218750000e-04 5.419254302978515625e-02
1.692224182268004179e+09 7.846355438232421875e-04 5.576324462890625000e-02
1.692224188376834154e+09 2.059221267700195312e-03 8.701276779174804688e-02
