1.692215799624560356e+09 3.111362457275390625e-03 1.047506332397460938e-01
1.692215805829314709e+09 4.870891571044921875e-04 1.818146705627441406e-01
1.692215812108351231e+09 2.648830413818359375e-04 5.595350265502929688e-02
1.692215818174435139e+09 2.624988555908203125e-04 1.728336811065673828e-01
1.692215824391751528e+09 4.873275756835937500e-04 6.394648551940917969e-02
1.692215830484294653e+09 4.577636718750000000e-04 1.432099342346191406e-01
1.692215836671934843e+09 2.725124359130859375e-04 1.521546840667724609e-01
1.692215842871114016e+09 2.956390380859375000e-04 9.965038299560546875e-02
1.692215849019604683e+09 3.318786621093750000e-04 1.234998703002929688e-01
1.692215855243494987e+09 2.374649047851562500e-04 1.127696037292480469e-01
1.692215861431950092e+09 6.134510040283203125e-04 1.775529384613037109e-01
1.692215867697741985e+09 5.223751068115234375e-04 1.619765758514404297e-01
1.692215873886475563e+09 3.266334533691406250e-04 6.341958045959472656e-02
1.692215879983196259e+09 1.637697219848632812e-03 8.743834495544433594e-02
1.692215886108761787e+09 5.841255187988281250e-04 1.848022937774658203e-01
1.692215892309927225e+09 2.708435058593750000e-04 1.268391609191894531e-01
1.692215898445747137e+09 5.698204040527343750e-04 2.681672573089599609e-01
1.692215904789946795e+09 3.011226654052734375e-04 3.735861778259277344e-01
1.692215911192726135e+09 2.944469451904296875e-04 6.037187576293945312e-02
1.692215917279442787e+09 2.360343933105468750e-04 5.333232879638671875e-02
1.692215923372036934e+09 2.391338348388671875e-04 5.213284492492675781e-02
1.692215929471194744e+09 2.193450927734375000e-04 1.964612007141113281e-01
1.692215935717714787e+09 2.615451812744140625e-04 1.025068759918212891e-01
1.692215941930629253e+09 3.211498260498046875e-04 2.042357921600341797e-01
1.692215948229193926e+09 2.315044403076171875e-04 1.757776737213134766e-01
1.692215954493977308e+09 2.439022064208984375e-04 1.501572132110595703e-01
1.692215960668644190e+09 2.834796905517578125e-04 1.848430633544921875e-01
1.692215966905825615e+09 3.252029418945312500e-04 1.623868942260742188e-01
1.692215973093082905e+09 6.949901580810546875e-04 6.511330604553222656e-02
1.692215979186241865e+09 3.159046173095703125e-04 1.263196468353271484e-01
