1.692195364675621986e+09 3.449916839599609375e-04 1.189174652099609375e-01
1.692195370904018641e+09 4.146099090576171875e-04 8.187961578369140625e-02
1.692195377058459044e+09 3.516674041748046875e-04 2.362849712371826172e-01
1.692195383343160868e+09 2.620220184326171875e-04 1.229012012481689453e-01
1.692195389508154392e+09 2.393722534179687500e-04 1.990749835968017578e-01
1.692195395775133133e+09 8.761882781982421875e-04 2.229175567626953125e-01
1.692195402003946304e+09 3.099441528320312500e-04 1.718420982360839844e-01
1.692195408250412941e+09 3.907680511474609375e-04 1.252620220184326172e-01
1.692195414425316572e+09 4.594326019287109375e-04 1.550703048706054688e-01
1.692195420632035255e+09 3.011226654052734375e-04 1.287074089050292969e-01
1.692195426805362940e+09 3.403425216674804688e-03 2.071096897125244141e-01
1.692195433093949556e+09 4.620552062988281250e-04 1.618409156799316406e-01
1.692195439363363028e+09 2.365112304687500000e-04 1.979384422302246094e-01
1.692195445577700615e+09 2.868175506591796875e-04 2.397236824035644531e-01
1.692195451918682098e+09 8.797645568847656250e-04 1.684365272521972656e-01
1.692195458153594732e+09 4.365444183349609375e-04 1.716585159301757812e-01
1.692195464350831985e+09 3.886222839355468750e-04 2.503321170806884766e-01
1.692195470652306557e+09 3.252029418945312500e-04 1.811587810516357422e-01
1.692195476858937502e+09 3.912448883056640625e-04 2.266206741333007812e-01
1.692195483104554415e+09 2.396106719970703125e-04 1.247940063476562500e-01
1.692195489301646233e+09 5.331039428710937500e-04 1.351327896118164062e-01
1.692195495513009787e+09 2.269744873046875000e-04 9.933757781982421875e-02
1.692195501685943127e+09 1.306772232055664062e-03 2.420842647552490234e-01
1.692195508024266481e+09 3.206729888916015625e-04 8.721280097961425781e-02
1.692195514167630434e+09 6.260871887207031250e-04 7.780551910400390625e-02
1.692195520256427050e+09 7.193088531494140625e-04 8.228540420532226562e-02
1.692195526367093325e+09 6.847381591796875000e-04 1.664764881134033203e-01
1.692195532553713083e+09 3.139972686767578125e-04 3.009693622589111328e-01
1.692195538877979994e+09 2.044677734375000000e-03 1.921365261077880859e-01
1.692195545171914816e+09 2.315044403076171875e-04 1.923687458038330078e-01
