1.692223380093648195e+09 6.608963012695312500e-04 9.617447853088378906e-02
1.692223386282274485e+09 7.269382476806640625e-04 5.706357955932617188e-02
1.692223392442880869e+09 1.990795135498046875e-04 7.803654670715332031e-02
1.692223398574700832e+09 5.331039428710937500e-04 4.486012458801269531e-02
1.692223404631739855e+09 3.318786621093750000e-04 4.190969467163085938e-02
1.692223410725668192e+09 1.394104957580566406e-02 8.723735809326171875e-02
1.692223416886470079e+09 2.033710479736328125e-04 7.350778579711914062e-02
1.692223423065254450e+09 5.557537078857421875e-04 4.170727729797363281e-02
1.692223429127555847e+09 5.002021789550781250e-04 4.282593727111816406e-02
1.692223435228577137e+09 1.721382141113281250e-04 3.399729728698730469e-02
1.692223441317065477e+09 1.816749572753906250e-04 7.189488410949707031e-02
1.692223447474191427e+09 5.950927734375000000e-04 7.216858863830566406e-02
1.692223453558146000e+09 6.022453308105468750e-04 5.060887336730957031e-02
1.692223459636689663e+09 1.845359802246093750e-04 5.421447753906250000e-02
1.692223465737943411e+09 3.908634185791015625e-03 7.914924621582031250e-02
1.692223471877202511e+09 5.965232849121093750e-04 1.077711582183837891e-01
1.692223477995111465e+09 1.797676086425781250e-04 2.727985382080078125e-02
1.692223484110589504e+09 1.780986785888671875e-04 6.727027893066406250e-02
1.692223490251537323e+09 5.004405975341796875e-04 1.130855083465576172e-01
1.692223496407635689e+09 1.842737197875976562e-03 6.026697158813476562e-02
1.692223502545715094e+09 8.125305175781250000e-04 1.018447875976562500e-01
1.692223508695170403e+09 1.850128173828125000e-04 6.414508819580078125e-02
1.692223514852051973e+09 9.064674377441406250e-04 6.545305252075195312e-02
1.692223520954044342e+09 5.893707275390625000e-04 4.392743110656738281e-02
1.692223527029902697e+09 5.474090576171875000e-04 4.103708267211914062e-02
1.692223533126916647e+09 4.450321197509765625e-03 7.395243644714355469e-02
1.692223539281751394e+09 4.930496215820312500e-04 4.499721527099609375e-02
1.692223545330913782e+09 4.265308380126953125e-04 3.406643867492675781e-02
1.692223551418813944e+09 1.764297485351562500e-04 7.883739471435546875e-02
1.692223557577272177e+09 4.310607910156250000e-04 7.978129386901855469e-02
