1.692261154583493710e+09 3.004312515258789062e-03 1.944193840026855469e-01
1.692261160778770208e+09 2.908706665039062500e-04 2.402622699737548828e-01
1.692261167025636435e+09 4.079341888427734375e-04 3.166770935058593750e-01
1.692261173398005486e+09 8.471012115478515625e-04 2.041106224060058594e-01
1.692261179791260958e+09 5.893707275390625000e-04 6.846261024475097656e-02
1.692261185948273182e+09 1.514911651611328125e-03 1.137485504150390625e-01
1.692261192102755547e+09 2.850770950317382812e-03 1.767385005950927734e-01
1.692261198159013510e+09 3.197193145751953125e-04 1.637291908264160156e-01
1.692261204241161346e+09 7.047653198242187500e-04 1.169004440307617188e-01
1.692261210396406651e+09 2.570152282714843750e-04 1.191375255584716797e-01
1.692261216596265078e+09 3.273487091064453125e-04 1.234047412872314453e-01
1.692261222708566904e+09 4.384279251098632812e-03 1.758413314819335938e-01
1.692261228967249155e+09 2.591609954833984375e-04 1.322293281555175781e-01
1.692261235009332418e+09 4.427433013916015625e-04 2.726759910583496094e-01
1.692261241454958916e+09 1.819372177124023438e-03 1.187133789062500000e-01
1.692261247504510403e+09 2.913475036621093750e-04 9.606742858886718750e-02
1.692261253673965693e+09 3.101825714111328125e-04 1.738381385803222656e-01
1.692261259851977110e+09 7.362365722656250000e-04 2.129292488098144531e-01
1.692261266194331169e+09 2.684593200683593750e-04 7.184433937072753906e-02
1.692261272449037075e+09 2.746582031250000000e-04 1.474754810333251953e-01
1.692261278835712433e+09 2.658367156982421875e-04 1.897394657135009766e-01
1.692261285167047977e+09 2.439022064208984375e-04 1.283147335052490234e-01
1.692261291408932209e+09 8.034706115722656250e-04 1.929352283477783203e-01
1.692261297580288172e+09 4.942417144775390625e-04 1.922860145568847656e-01
1.692261303973588943e+09 1.148700714111328125e-03 2.561950683593750000e-01
1.692261310136156082e+09 5.779743194580078125e-03 9.753036499023437500e-02
1.692261316289070129e+09 4.181861877441406250e-04 1.112155914306640625e-01
1.692261322402258158e+09 7.846355438232421875e-04 7.413887977600097656e-02
1.692261328758013725e+09 3.845691680908203125e-04 1.635527610778808594e-01
1.692261335147637367e+09 1.844644546508789062e-03 8.297872543334960938e-02
