1.692222434117425919e+09 5.230903625488281250e-04 6.886076927185058594e-02
1.692222440297624350e+09 5.376338958740234375e-04 8.637666702270507812e-02
1.692222446406142235e+09 5.536079406738281250e-04 4.979467391967773438e-02
1.692222452469012499e+09 6.816387176513671875e-04 4.602789878845214844e-02
1.692222458565470695e+09 2.031326293945312500e-04 4.879164695739746094e-02
1.692222464665784836e+09 6.904602050781250000e-04 9.804248809814453125e-02
1.692222470817432880e+09 3.778934478759765625e-04 9.185409545898437500e-02
1.692222477016945839e+09 2.009868621826171875e-04 3.701519966125488281e-02
1.692222483154072762e+09 2.031326293945312500e-04 8.056235313415527344e-02
1.692222489319421530e+09 4.851818084716796875e-04 6.582093238830566406e-02
1.692222495493483305e+09 7.815361022949218750e-04 9.959602355957031250e-02
1.692222501621199369e+09 2.708435058593750000e-04 4.260778427124023438e-02
1.692222507791389942e+09 1.788139343261718750e-04 3.248047828674316406e-02
1.692222513853145123e+09 3.042221069335937500e-04 7.645678520202636719e-02
1.692222519993529558e+09 5.776882171630859375e-04 1.101968288421630859e-01
1.692222526134876966e+09 4.429340362548828125e-03 8.320140838623046875e-02
1.692222532314300776e+09 6.868839263916015625e-04 4.260492324829101562e-02
1.692222538362217188e+09 5.905628204345703125e-04 4.391622543334960938e-02
1.692222544463224888e+09 5.424022674560546875e-04 4.779076576232910156e-02
1.692222550567364931e+09 8.428096771240234375e-04 7.923221588134765625e-02
1.692222556698110819e+09 3.056526184082031250e-04 7.992219924926757812e-02
1.692222562798022985e+09 5.683898925781250000e-04 1.172022819519042969e-01
1.692222568936824322e+09 2.202987670898437500e-04 1.046710014343261719e-01
1.692222575127146721e+09 2.152919769287109375e-04 5.029940605163574219e-02
1.692222581267329931e+09 8.743762969970703125e-03 8.605408668518066406e-02
1.692222587413508654e+09 5.631446838378906250e-04 4.303836822509765625e-02
1.692222593462442160e+09 6.523132324218750000e-04 4.836773872375488281e-02
1.692222599568271399e+09 5.276203155517578125e-04 4.596996307373046875e-02
1.692222605664139509e+09 1.332521438598632812e-03 6.902313232421875000e-02
1.692222611788548231e+09 5.843639373779296875e-04 1.048002243041992188e-01
