1.692203252964673996e+09 7.024765014648437500e-03 1.719260215759277344e-01
1.692203259246409416e+09 2.431869506835937500e-04 1.171784400939941406e-01
1.692203265382097960e+09 2.353191375732421875e-04 5.143785476684570312e-02
1.692203271523039341e+09 2.505779266357421875e-04 1.179113388061523438e-01
1.692203277684041023e+09 3.321170806884765625e-04 1.776149272918701172e-01
1.692203283945168972e+09 3.705024719238281250e-04 2.059292793273925781e-01
1.692203290170784473e+09 2.460479736328125000e-04 1.359498500823974609e-01
1.692203296404705048e+09 2.229213714599609375e-04 1.232821941375732422e-01
1.692203302592408180e+09 2.560615539550781250e-04 1.146192550659179688e-01
1.692203308778996944e+09 2.450942993164062500e-04 1.455967426300048828e-01
1.692203315010621548e+09 1.273632049560546875e-03 1.969387531280517578e-01
1.692203321286372900e+09 2.553462982177734375e-04 8.758378028869628906e-02
1.692203327454516172e+09 2.937316894531250000e-04 1.247777938842773438e-01
1.692203333590164423e+09 2.586841583251953125e-04 1.099498271942138672e-01
1.692203339774684906e+09 3.051757812500000000e-04 1.475915908813476562e-01
1.692203346012954712e+09 2.770423889160156250e-04 1.276085376739501953e-01
1.692203352192035198e+09 1.221179962158203125e-03 1.465218067169189453e-01
1.692203358429009199e+09 2.439022064208984375e-04 1.751544475555419922e-01
1.692203364649911880e+09 2.722740173339843750e-04 1.730988025665283203e-01
1.692203370837399006e+09 4.642009735107421875e-04 1.276714801788330078e-01
1.692203376996341228e+09 3.485679626464843750e-04 7.714056968688964844e-02
1.692203383143258572e+09 2.367496490478515625e-04 1.290223598480224609e-01
1.692203389322094440e+09 5.066394805908203125e-04 1.236975193023681641e-01
1.692203395493698120e+09 2.374649047851562500e-04 1.196732521057128906e-01
1.692203401688277960e+09 2.257823944091796875e-03 1.399211883544921875e-01
1.692203407910813570e+09 1.809597015380859375e-03 9.326982498168945312e-02
1.692203414064900160e+09 2.650499343872070312e-03 1.211473941802978516e-01
1.692203420298592567e+09 3.082752227783203125e-04 1.022768020629882812e-01
1.692203426467383385e+09 2.999305725097656250e-04 1.182608604431152344e-01
1.692203432685069323e+09 3.783702850341796875e-04 1.470651626586914062e-01
