1.692217704575241566e+09 1.420974731445312500e-03 6.298780441284179688e-02
1.692217710736200094e+09 2.148151397705078125e-04 9.546422958374023438e-02
1.692217716870323420e+09 2.069473266601562500e-04 6.606364250183105469e-02
1.692217723035004139e+09 1.611614227294921875e-02 1.035506725311279297e-01
1.692217729191454172e+09 4.429817199707031250e-04 6.866717338562011719e-02
1.692217735346202850e+09 5.562305450439453125e-04 4.839420318603515625e-02
1.692217741419489145e+09 5.023479461669921875e-04 5.092287063598632812e-02
1.692217747521814346e+09 2.713203430175781250e-04 4.577088356018066406e-02
1.692217753615412474e+09 2.057552337646484375e-04 6.496763229370117188e-02
1.692217759737456560e+09 5.939006805419921875e-04 1.013140678405761719e-01
1.692217765872606516e+09 2.503395080566406250e-04 5.027008056640625000e-02
1.692217772019070625e+09 2.355098724365234375e-03 9.615921974182128906e-02
1.692217778172010183e+09 3.235340118408203125e-04 3.942084312438964844e-02
1.692217784309783936e+09 2.496719360351562500e-03 8.216714859008789062e-02
1.692217790475098848e+09 4.616498947143554688e-03 1.273465156555175781e-01
1.692217796702799320e+09 2.677202224731445312e-03 8.423471450805664062e-02
1.692217802870588303e+09 1.883506774902343750e-04 8.597469329833984375e-02
1.692217809058108091e+09 5.371570587158203125e-04 1.049253940582275391e-01
1.692217815178568363e+09 1.897811889648437500e-04 4.661369323730468750e-02
1.692217821314778090e+09 2.822875976562500000e-04 8.959794044494628906e-02
1.692217827480935812e+09 2.977848052978515625e-04 3.219962120056152344e-02
1.692217833601476669e+09 1.714229583740234375e-04 4.013323783874511719e-02
1.692217839708909273e+09 5.309581756591796875e-04 1.277704238891601562e-01
1.692217845898975372e+09 4.985332489013671875e-04 5.003523826599121094e-02
1.692217852020766735e+09 1.835823059082031250e-04 3.753447532653808594e-02
1.692217858105741024e+09 4.677772521972656250e-04 8.195877075195312500e-02
1.692217864262966871e+09 5.025863647460937500e-04 1.198477745056152344e-01
1.692217870391057253e+09 2.050399780273437500e-04 6.606364250183105469e-02
1.692217876534992456e+09 5.519390106201171875e-04 1.075389385223388672e-01
1.692217882688199282e+09 5.106925964355468750e-04 1.092188358306884766e-01
