1.692213290074764252e+09 3.385543823242187500e-04 5.401849746704101562e-02
1.692213296229193449e+09 5.793571472167968750e-04 1.120209693908691406e-01
1.692213302399270058e+09 4.229545593261718750e-04 3.706264495849609375e-02
1.692213308512867212e+09 2.787113189697265625e-04 4.518246650695800781e-02
1.692213314622642994e+09 4.214525222778320312e-03 7.584905624389648438e-02
1.692213320778604746e+09 2.055168151855468750e-04 3.225421905517578125e-02
1.692213326907221079e+09 5.216598510742187500e-04 4.577207565307617188e-02
1.692213333022872925e+09 2.033710479736328125e-04 8.511924743652343750e-02
1.692213339161666870e+09 5.812644958496093750e-04 9.106302261352539062e-02
1.692213345268716574e+09 5.435943603515625000e-04 4.509305953979492188e-02
1.692213351322693348e+09 1.702308654785156250e-04 3.428697586059570312e-02
1.692213357409015656e+09 2.143383026123046875e-04 8.797454833984375000e-02
1.692213363592725992e+09 2.081394195556640625e-04 8.761286735534667969e-02
1.692213369766724110e+09 5.164146423339843750e-04 4.474496841430664062e-02
1.692213375822235346e+09 1.678466796875000000e-04 3.433942794799804688e-02
1.692213381910186291e+09 1.797676086425781250e-04 8.113241195678710938e-02
1.692213388059446573e+09 5.593299865722656250e-04 4.540801048278808594e-02
1.692213394123044968e+09 5.214214324951171875e-04 4.421687126159667969e-02
1.692213400221696854e+09 1.876354217529296875e-04 3.866243362426757812e-02
1.692213406313480854e+09 1.974105834960937500e-04 7.634377479553222656e-02
1.692213412482404470e+09 3.347396850585937500e-04 5.520319938659667969e-02
1.692213418631791353e+09 5.018711090087890625e-04 1.142880916595458984e-01
1.692213424797265291e+09 3.605365753173828125e-03 6.712198257446289062e-02
1.692213430947025537e+09 3.044605255126953125e-03 8.791851997375488281e-02
1.692213437085422039e+09 1.771450042724609375e-04 5.737805366516113281e-02
1.692213443234264135e+09 5.805492401123046875e-04 7.720136642456054688e-02
1.692213449383643627e+09 5.624294281005859375e-04 1.038355827331542969e-01
1.692213455581563711e+09 1.926422119140625000e-04 3.660202026367187500e-02
1.692213461711804628e+09 1.785755157470703125e-04 8.160901069641113281e-02
1.692213467863753080e+09 4.992485046386718750e-04 1.088840961456298828e-01
