1.692263994484545231e+09 3.254413604736328125e-04 1.292002201080322266e-01
1.692264000604799986e+09 2.787113189697265625e-04 1.907076835632324219e-01
1.692264006868432999e+09 3.230571746826171875e-04 2.697153091430664062e-01
1.692264013345790148e+09 1.443624496459960938e-03 2.027499675750732422e-01
1.692264019696247578e+09 4.477500915527343750e-04 1.112475395202636719e-01
1.692264025793189764e+09 4.224061965942382812e-03 1.826810836791992188e-01
1.692264031974397182e+09 3.433227539062500000e-04 2.118706703186035156e-01
1.692264038188019991e+09 3.011226654052734375e-04 1.288585662841796875e-01
1.692264044406020641e+09 4.425287246704101562e-03 1.677768230438232422e-01
1.692264050355786800e+09 2.142667770385742188e-03 1.585628986358642578e-01
1.692264056560259342e+09 2.694129943847656250e-04 1.936500072479248047e-01
1.692264062695600271e+09 4.000663757324218750e-04 1.829526424407958984e-01
1.692264068958842993e+09 3.798007965087890625e-04 2.097945213317871094e-01
1.692264075386012793e+09 2.417564392089843750e-04 1.364252567291259766e-01
1.692264081521777630e+09 2.686977386474609375e-04 1.337134838104248047e-01
1.692264087710922480e+09 4.536390304565429688e-03 2.785356044769287109e-01
1.692264093975381613e+09 1.443624496459960938e-03 1.661479473114013672e-01
1.692264100248328924e+09 1.253843307495117188e-03 1.507472991943359375e-01
1.692264106436738253e+09 2.477169036865234375e-04 1.499276161193847656e-01
1.692264112525545359e+09 3.685951232910156250e-04 1.206307411193847656e-01
1.692264118698297024e+09 8.974075317382812500e-04 2.004926204681396484e-01
1.692264125012126207e+09 2.908706665039062500e-04 1.404464244842529297e-01
1.692264131320858479e+09 2.489089965820312500e-04 1.579301357269287109e-01
1.692264137633412838e+09 3.545284271240234375e-04 1.441278457641601562e-01
1.692264143724239349e+09 3.483295440673828125e-04 2.769763469696044922e-01
1.692264150055408001e+09 2.925395965576171875e-04 1.137900352478027344e-01
1.692264156190068245e+09 2.510547637939453125e-04 1.716291904449462891e-01
1.692264162347144365e+09 2.503395080566406250e-04 1.292014122009277344e-01
1.692264168504910231e+09 2.493858337402343750e-04 2.188642024993896484e-01
1.692264174795880079e+09 3.063678741455078125e-04 1.913788318634033203e-01
