1.692270936146107912e+09 1.019191741943359375e-02 3.041844367980957031e-01
1.692270942364356995e+09 1.611709594726562500e-03 2.649843692779541016e-01
1.692270948826817513e+09 3.044605255126953125e-03 1.971478462219238281e-01
1.692270955047837973e+09 1.269340515136718750e-03 8.509850502014160156e-02
1.692270961139752150e+09 9.188652038574218750e-04 1.001431941986083984e-01
1.692270967456307650e+09 7.002353668212890625e-04 1.996898651123046875e-01
1.692270973564199209e+09 1.459360122680664062e-03 2.952704429626464844e-01
1.692270979750504732e+09 3.726482391357421875e-04 1.000401973724365234e-01
1.692270985949381113e+09 9.199857711791992188e-03 3.120911121368408203e-01
1.692270992383292437e+09 1.367330551147460938e-03 1.342344284057617188e-01
1.692270998682325125e+09 5.130767822265625000e-04 2.407400608062744141e-01
1.692271004897263288e+09 5.817413330078125000e-04 1.846799850463867188e-01
1.692271011033152819e+09 3.180503845214843750e-04 2.257430553436279297e-01
1.692271017472337961e+09 4.200935363769531250e-04 3.118019104003906250e-01
1.692271024184217215e+09 6.945133209228515625e-04 2.315437793731689453e-01
1.692271030579631567e+09 9.145736694335937500e-04 2.542624473571777344e-01
1.692271036904064178e+09 6.573200225830078125e-04 2.113783359527587891e-01
1.692271043275098324e+09 2.861022949218750000e-04 1.146774291992187500e-01
1.692271049368642807e+09 3.483295440673828125e-04 8.936285972595214844e-02
1.692271055539286375e+09 3.657341003417968750e-04 1.349170207977294922e-01
1.692271061681442022e+09 8.869171142578125000e-04 2.482113838195800781e-01
1.692271068013261795e+09 1.421117782592773438e-02 2.280862331390380859e-01
1.692271074303238630e+09 1.301288604736328125e-03 2.332565784454345703e-01
1.692271080629422665e+09 1.124858856201171875e-03 1.801698207855224609e-01
1.692271086832390308e+09 1.133918762207031250e-03 4.202516078948974609e-01
1.692271093482366800e+09 4.661083221435546875e-04 1.780679225921630859e-01
1.692271099735201359e+09 4.343986511230468750e-04 1.654465198516845703e-01
1.692271106012879848e+09 1.527547836303710938e-03 8.283591270446777344e-02
1.692271112232268095e+09 8.858919143676757812e-03 1.081540584564208984e-01
1.692271118576488733e+09 3.883838653564453125e-04 5.694794654846191406e-02
