1.692220532179698229e+09 2.138614654541015625e-03 1.100642681121826172e-01
1.692220538407009363e+09 9.400844573974609375e-04 7.875108718872070312e-02
1.692220544563194513e+09 9.000301361083984375e-04 1.556837558746337891e-01
1.692220550738940716e+09 5.300045013427734375e-04 2.227523326873779297e-01
1.692220557026258469e+09 2.350807189941406250e-04 1.792395114898681641e-01
1.692220563260162592e+09 5.483627319335937500e-04 2.926416397094726562e-01
1.692220569573998213e+09 2.608299255371093750e-04 1.425998210906982422e-01
1.692220575722936153e+09 4.360198974609375000e-03 1.140069961547851562e-01
1.692220581913961887e+09 2.834796905517578125e-04 1.275300979614257812e-01
1.692220588107794762e+09 2.305507659912109375e-04 1.730625629425048828e-01
1.692220594357252121e+09 3.159046173095703125e-04 1.395955085754394531e-01
1.692220600520762920e+09 2.348423004150390625e-04 9.839653968811035156e-02
1.692220606680212498e+09 2.441406250000000000e-04 2.073321342468261719e-01
1.692220612992156506e+09 2.729892730712890625e-04 1.903200149536132812e-01
1.692220619271331787e+09 2.517700195312500000e-04 1.065738201141357422e-01
1.692220625395144939e+09 3.912448883056640625e-04 2.001912593841552734e-01
1.692220631680744886e+09 2.429485321044921875e-04 6.375837326049804688e-02
1.692220637746918440e+09 2.470016479492187500e-04 7.222127914428710938e-02
1.692220643852340221e+09 2.281665802001953125e-04 1.397655010223388672e-01
1.692220650020500183e+09 2.272129058837890625e-04 1.446325778961181641e-01
1.692220656224735498e+09 2.419948577880859375e-04 7.077574729919433594e-02
1.692220662356546640e+09 2.686977386474609375e-04 1.153492927551269531e-01
1.692220668507750988e+09 2.901554107666015625e-04 1.262905597686767578e-01
1.692220674709148407e+09 3.101825714111328125e-04 1.404557228088378906e-01
1.692220680925667524e+09 3.540992736816406250e-03 1.549699306488037109e-01
1.692220687147127628e+09 2.567768096923828125e-04 1.186823844909667969e-01
1.692220693298824787e+09 2.484321594238281250e-04 1.449396610260009766e-01
1.692220699527346134e+09 2.680778503417968750e-03 9.807944297790527344e-02
1.692220705685051441e+09 3.026962280273437500e-03 1.861493587493896484e-01
1.692220711883960724e+09 8.003711700439453125e-04 3.041193485260009766e-01
