1.692263459486106873e+09 6.108283996582031250e-04 5.050945281982421875e-02
1.692263465526768684e+09 4.661083221435546875e-04 4.052567481994628906e-02
1.692263471615896702e+09 6.060600280761718750e-04 4.288268089294433594e-02
1.692263477619449139e+09 5.187988281250000000e-04 8.439970016479492188e-02
1.692263483860688686e+09 7.047653198242187500e-04 4.151463508605957031e-02
1.692263489816078424e+09 1.819133758544921875e-04 4.073119163513183594e-02
1.692263496014971018e+09 5.137920379638671875e-04 4.569721221923828125e-02
1.692263502021403313e+09 3.716945648193359375e-04 3.450751304626464844e-02
1.692263508109781265e+09 5.972385406494140625e-04 4.690408706665039062e-02
1.692263514223562479e+09 5.173683166503906250e-04 1.074218750000000000e-01
1.692263520483746767e+09 1.046419143676757812e-03 8.045029640197753906e-02
1.692263526659392118e+09 2.448558807373046875e-04 3.582572937011718750e-02
1.692263532610224009e+09 5.772113800048828125e-04 5.426073074340820312e-02
1.692263538831097126e+09 5.922317504882812500e-04 4.018163681030273438e-02
1.692263545016810179e+09 6.139278411865234375e-04 9.711241722106933594e-02
1.692263551273853540e+09 3.769397735595703125e-04 4.322075843811035156e-02
1.692263557518010855e+09 1.876354217529296875e-04 6.830239295959472656e-02
1.692263563442151308e+09 5.166530609130859375e-04 8.104777336120605469e-02
1.692263569757562876e+09 1.716613769531250000e-04 6.232261657714843750e-02
1.692263575739705563e+09 5.381107330322265625e-04 1.069157123565673828e-01
1.692263581894324064e+09 1.313447952270507812e-03 7.529735565185546875e-02
1.692263588054795742e+09 1.957416534423828125e-04 3.531813621520996094e-02
1.692263594209019184e+09 3.347396850585937500e-04 8.530855178833007812e-02
1.692263600359987974e+09 2.696514129638671875e-04 5.339884757995605469e-02
1.692263606527917624e+09 6.132125854492187500e-04 6.423258781433105469e-02
1.692263612740852356e+09 1.826286315917968750e-04 8.139514923095703125e-02
1.692263618764434099e+09 5.602836608886718750e-04 1.076424121856689453e-01
1.692263624884467125e+09 9.329319000244140625e-04 8.487510681152343750e-02
1.692263631279906273e+09 5.488395690917968750e-04 8.695340156555175781e-02
1.692263637163561821e+09 5.116462707519531250e-04 5.763721466064453125e-02
