1.692260207976467371e+09 4.620552062988281250e-04 9.549355506896972656e-02
1.692260214172029972e+09 3.499984741210937500e-04 1.252667903900146484e-01
1.692260220201910496e+09 3.876686096191406250e-04 9.402966499328613281e-02
1.692260226281031609e+09 2.532005310058593750e-04 5.702114105224609375e-02
1.692260232332589388e+09 4.706382751464843750e-04 1.481924057006835938e-01
1.692260238626255989e+09 2.470016479492187500e-04 1.211605072021484375e-01
1.692260244697101116e+09 8.370876312255859375e-04 1.606819629669189453e-01
1.692260250943564653e+09 3.023147583007812500e-04 5.314564704895019531e-02
1.692260256932962656e+09 2.431869506835937500e-04 1.046767234802246094e-01
1.692260263089685440e+09 6.611347198486328125e-04 1.137621402740478516e-01
1.692260269190672874e+09 2.673864364624023438e-03 1.166203022003173828e-01
1.692260275296193838e+09 2.907276153564453125e-03 1.351637840270996094e-01
1.692260281415259123e+09 3.693103790283203125e-04 1.199228763580322266e-01
1.692260287796428442e+09 1.050472259521484375e-03 5.574250221252441406e-02
1.692260293836817265e+09 2.233982086181640625e-04 1.651239395141601562e-01
1.692260299943696260e+09 4.270076751708984375e-04 5.885004997253417969e-02
1.692260305938347578e+09 3.998279571533203125e-04 1.445000171661376953e-01
1.692260312423831463e+09 2.577304840087890625e-04 2.605690956115722656e-01
1.692260318737112284e+09 3.261566162109375000e-04 5.873370170593261719e-02
1.692260324835206270e+09 3.621578216552734375e-04 1.412978172302246094e-01
1.692260331018242836e+09 2.326965332031250000e-04 1.689572334289550781e-01
1.692260337449621677e+09 5.180835723876953125e-04 7.486486434936523438e-02
1.692260343655640125e+09 3.764629364013671875e-04 5.284452438354492188e-02
1.692260349829224348e+09 2.443790435791015625e-04 1.672005653381347656e-01
1.692260356044146061e+09 2.744197845458984375e-04 1.078827381134033203e-01
1.692260362184113979e+09 1.271009445190429688e-03 1.859834194183349609e-01
1.692260368464051008e+09 5.230903625488281250e-04 6.089925765991210938e-02
1.692260374538139582e+09 8.180141448974609375e-04 1.748890876770019531e-01
1.692260380662270546e+09 2.472400665283203125e-04 1.235437393188476562e-01
1.692260386599661827e+09 2.279281616210937500e-04 1.739048957824707031e-01
