1.692256422182857513e+09 1.487970352172851562e-03 1.902942657470703125e-01
1.692256428497488499e+09 3.258943557739257812e-03 1.198613643646240234e-01
1.692256434619941235e+09 5.800724029541015625e-04 5.808019638061523438e-02
1.692256440540912390e+09 1.850128173828125000e-03 2.359814643859863281e-01
1.692256446724608660e+09 2.624034881591796875e-03 1.789834499359130859e-01
1.692256453073040485e+09 3.430843353271484375e-04 1.724507808685302734e-01
1.692256459354094744e+09 3.080368041992187500e-04 1.531968116760253906e-01
1.692256465443775415e+09 1.636028289794921875e-03 1.785199642181396484e-01
1.692256471762503147e+09 1.095533370971679688e-03 1.774942874908447266e-01
1.692256477960989475e+09 8.671283721923828125e-04 3.265335559844970703e-01
1.692256484439464331e+09 9.708404541015625000e-04 1.657905578613281250e-01
1.692256490651432753e+09 6.976127624511718750e-03 1.456627845764160156e-01
1.692256496733583689e+09 1.120805740356445312e-03 2.749793529510498047e-01
1.692256503060108662e+09 2.660751342773437500e-04 8.973002433776855469e-02
1.692256509171009779e+09 2.377033233642578125e-04 2.840406894683837891e-01
1.692256515664051771e+09 5.631446838378906250e-04 1.801164150238037109e-01
1.692256521961791277e+09 6.072521209716796875e-04 7.217979431152343750e-02
1.692256528061701059e+09 1.580238342285156250e-03 1.543550491333007812e-01
1.692256534142601490e+09 5.064249038696289062e-03 1.582458019256591797e-01
1.692256540355009556e+09 1.895666122436523438e-03 1.600403785705566406e-01
1.692256546585643768e+09 7.541179656982421875e-04 1.543099880218505859e-01
1.692256552639283657e+09 3.364086151123046875e-04 1.340091228485107422e-01
1.692256559014716625e+09 3.819465637207031250e-04 1.381163597106933594e-01
1.692256565218878269e+09 1.101016998291015625e-03 2.237384319305419922e-01
1.692256571705861807e+09 1.192283630371093750e-02 1.211833953857421875e-01
1.692256577813726187e+09 9.806156158447265625e-04 1.696884632110595703e-01
1.692256584154936075e+09 2.615451812744140625e-04 1.927430629730224609e-01
1.692256590278423548e+09 4.053115844726562500e-04 1.187798976898193359e-01
1.692256596399795055e+09 7.042884826660156250e-04 1.406631469726562500e-01
1.692256602628678560e+09 3.364086151123046875e-04 1.275503635406494141e-01
