1.692266834839135647e+09 3.631114959716796875e-04 1.934340000152587891e-01
1.692266840926867723e+09 6.449222564697265625e-04 4.419147968292236328e-01
1.692266847588627577e+09 3.015995025634765625e-04 2.289175987243652344e-01
1.692266853974646807e+09 3.275871276855468750e-04 3.567228317260742188e-01
1.692266860390386105e+09 1.151800155639648438e-03 1.154835224151611328e-01
1.692266866568051577e+09 5.102157592773437500e-04 3.152763843536376953e-01
1.692266873058381796e+09 3.070831298828125000e-04 2.856571674346923828e-01
1.692266879323125124e+09 1.665830612182617188e-03 2.437138557434082031e-01
1.692266885693062067e+09 5.140304565429687500e-04 2.634036540985107422e-01
1.692266892103239775e+09 7.615089416503906250e-04 2.038836479187011719e-01
1.692266898464899063e+09 2.760887145996093750e-04 1.722197532653808594e-01
1.692266904709807634e+09 8.516311645507812500e-04 1.511969566345214844e-01
1.692266910891180515e+09 8.699893951416015625e-04 1.577439308166503906e-01
1.692266917092998743e+09 4.370212554931640625e-04 1.103744506835937500e-01
1.692266923352429867e+09 4.656314849853515625e-04 1.306555271148681641e-01
1.692266929764617205e+09 7.221698760986328125e-04 1.934974193572998047e-01
1.692266936048937321e+09 2.624988555908203125e-04 2.025284767150878906e-01
1.692266942341819763e+09 4.248619079589843750e-04 6.437301635742187500e-02
1.692266948398748636e+09 3.399848937988281250e-04 2.208931446075439453e-01
1.692266954559195042e+09 2.156972885131835938e-03 2.786889076232910156e-01
1.692266960823303699e+09 6.608963012695312500e-04 2.525835037231445312e-01
1.692266966894659042e+09 3.044605255126953125e-04 1.237053871154785156e-01
1.692266972961306095e+09 6.389617919921875000e-04 1.694281101226806641e-01
1.692266979230472326e+09 5.152225494384765625e-04 1.564097404479980469e-01
1.692266985593238354e+09 3.559589385986328125e-04 1.490705013275146484e-01
1.692266991583399057e+09 3.750324249267578125e-04 1.277277469635009766e-01
1.692266997762485981e+09 3.643035888671875000e-04 1.358659267425537109e-01
1.692267004070422173e+09 1.305341720581054688e-03 1.443948745727539062e-01
1.692267010280340433e+09 5.413055419921875000e-03 1.570997238159179688e-01
1.692267016500864029e+09 2.505779266357421875e-04 3.069293498992919922e-01
