1.692258314921779156e+09 7.536411285400390625e-04 8.472728729248046875e-02
1.692258321107975960e+09 2.565383911132812500e-04 1.285543441772460938e-01
1.692258327354404211e+09 2.977848052978515625e-04 1.977097988128662109e-01
1.692258333520387411e+09 1.814126968383789062e-03 1.726410388946533203e-01
1.692258339813298225e+09 7.743835449218750000e-04 1.898782253265380859e-01
1.692258346116194010e+09 6.108283996582031250e-04 9.788727760314941406e-02
1.692258352227753639e+09 2.629756927490234375e-04 1.606161594390869141e-01
1.692258358394846201e+09 2.477169036865234375e-04 1.111285686492919922e-01
1.692258364633514881e+09 7.572174072265625000e-04 1.663637161254882812e-01
1.692258371006021976e+09 4.134178161621093750e-04 1.566767692565917969e-01
1.692258377084860325e+09 1.042842864990234375e-03 2.654192447662353516e-01
1.692258383501737118e+09 6.583929061889648438e-03 1.758911609649658203e-01
1.692258389806383848e+09 2.851486206054687500e-04 2.627522945404052734e-01
1.692258396190069675e+09 2.815723419189453125e-04 7.244753837585449219e-02
1.692258402194905758e+09 2.844333648681640625e-04 8.531832695007324219e-02
1.692258408310326576e+09 7.169246673583984375e-04 1.330552101135253906e-01
1.692258414665646553e+09 2.350807189941406250e-04 6.810879707336425781e-02
1.692258420690361261e+09 3.631114959716796875e-04 1.286704540252685547e-01
1.692258426651757956e+09 3.604888916015625000e-04 1.569557189941406250e-01
1.692258432690070629e+09 2.450942993164062500e-04 2.588181495666503906e-01
1.692258438981338978e+09 5.137920379638671875e-04 1.942374706268310547e-01
1.692258445420956135e+09 6.048679351806640625e-04 2.618510723114013672e-01
1.692258451886412859e+09 3.230571746826171875e-04 1.956288814544677734e-01
1.692258458329120398e+09 2.562999725341796875e-04 2.209336757659912109e-01
1.692258464642772675e+09 1.048564910888671875e-03 1.140229701995849609e-01
1.692258470945229053e+09 4.251003265380859375e-04 2.139427661895751953e-01
1.692258477137634516e+09 6.530284881591796875e-04 1.043033599853515625e-01
1.692258483344183207e+09 6.568431854248046875e-04 1.386976242065429688e-01
1.692258489467385054e+09 2.272129058837890625e-04 2.111699581146240234e-01
1.692258495633462906e+09 5.397796630859375000e-04 1.288318634033203125e-01
