1.692214550993045330e+09 3.113746643066406250e-04 4.252862930297851562e-02
1.692214557136175632e+09 1.802682876586914062e-03 8.247280120849609375e-02
1.692214563282809496e+09 5.779266357421875000e-04 3.927540779113769531e-02
1.692214569335258007e+09 5.407333374023437500e-04 3.823709487915039062e-02
1.692214575434037685e+09 1.807212829589843750e-04 5.726313591003417969e-02
1.692214581551772356e+09 5.869865417480468750e-04 1.134536266326904297e-01
1.692214587727619648e+09 5.664825439453125000e-04 5.013155937194824219e-02
1.692214593845756769e+09 1.785755157470703125e-04 3.339338302612304688e-02
1.692214599938810587e+09 4.114389419555664062e-03 1.221487522125244141e-01
1.692214606125053406e+09 2.899169921875000000e-04 7.563114166259765625e-02
1.692214612272497654e+09 7.113695144653320312e-03 8.054423332214355469e-02
1.692214618407986641e+09 3.509521484375000000e-04 6.458497047424316406e-02
1.692214624560438871e+09 1.735687255859375000e-04 3.818273544311523438e-02
1.692214630640674353e+09 5.104541778564453125e-04 9.329104423522949219e-02
1.692214636790523052e+09 5.207061767578125000e-04 3.840398788452148438e-02
1.692214642834105015e+09 2.665519714355468750e-04 3.727602958679199219e-02
1.692214648931202650e+09 5.176067352294921875e-04 5.211734771728515625e-02
1.692214655047033072e+09 6.048679351806640625e-04 1.045293807983398438e-01
1.692214661203880310e+09 1.458477973937988281e-02 9.818124771118164062e-02
1.692214667410454988e+09 1.823902130126953125e-04 7.901072502136230469e-02
1.692214673589069843e+09 5.342960357666015625e-04 5.355238914489746094e-02
1.692214679649505377e+09 5.006790161132812500e-04 4.155683517456054688e-02
1.692214685737498999e+09 1.757144927978515625e-04 3.117084503173828125e-02
1.692214691824761629e+09 3.852844238281250000e-04 7.177686691284179688e-02
1.692214697965653896e+09 1.480340957641601562e-03 9.450554847717285156e-02
1.692214704120645523e+09 1.916885375976562500e-04 4.300785064697265625e-02
1.692214710237560511e+09 2.088546752929687500e-04 7.783722877502441406e-02
1.692214716379390717e+09 5.569458007812500000e-04 9.862327575683593750e-02
1.692214722494846344e+09 5.958080291748046875e-04 6.695365905761718750e-02
1.692214728666770935e+09 5.152225494384765625e-04 1.443555355072021484e-01
