1.692257999238974571e+09 1.047134399414062500e-03 8.991861343383789062e-02
1.692258005332823992e+09 6.899833679199218750e-04 1.833677291870117188e-01
1.692258011530937910e+09 1.063108444213867188e-03 1.522641181945800781e-01
1.692258017702537060e+09 4.675388336181640625e-04 7.176995277404785156e-02
1.692258023719488621e+09 2.019405364990234375e-03 1.944541931152343750e-01
1.692258029944265842e+09 1.117229461669921875e-03 1.303968429565429688e-01
1.692258036073781729e+09 2.460479736328125000e-04 1.209847927093505859e-01
1.692258042166993618e+09 4.599094390869140625e-04 1.139078140258789062e-01
1.692258048359537601e+09 7.693767547607421875e-04 1.795051097869873047e-01
1.692258054727317095e+09 9.975433349609375000e-04 1.241669654846191406e-01
1.692258060966903925e+09 7.219314575195312500e-04 1.925258636474609375e-01
1.692258067249422550e+09 2.864599227905273438e-03 1.353735923767089844e-01
1.692258073583947659e+09 2.436637878417968750e-04 1.130878925323486328e-01
1.692258079753348589e+09 3.170967102050781250e-04 1.502673625946044922e-01
1.692258086097511053e+09 8.981227874755859375e-04 1.502559185028076172e-01
1.692258092198025227e+09 4.200935363769531250e-04 1.560835838317871094e-01
1.692258098418408155e+09 2.393722534179687500e-04 1.667451858520507812e-01
1.692258104811896801e+09 6.906986236572265625e-04 1.442534923553466797e-01
1.692258111085339785e+09 2.443790435791015625e-04 2.598526477813720703e-01
1.692258117408542871e+09 2.872943878173828125e-04 1.555793285369873047e-01
1.692258123696964979e+09 3.220081329345703125e-03 1.793100833892822266e-01
1.692258129925371170e+09 1.162290573120117188e-03 3.277335166931152344e-01
1.692258136376060247e+09 2.474784851074218750e-04 1.945872306823730469e-01
1.692258142634643316e+09 2.570152282714843750e-04 2.112329006195068359e-01
1.692258148954213381e+09 5.917072296142578125e-03 2.207493782043457031e-01
1.692258155268121719e+09 2.125978469848632812e-03 9.680271148681640625e-02
1.692258161343398333e+09 2.486705780029296875e-04 1.033821105957031250e-01
1.692258167255398035e+09 3.139972686767578125e-04 1.825044155120849609e-01
1.692258173547002077e+09 8.931159973144531250e-04 1.041772365570068359e-01
1.692258179949038506e+09 6.868839263916015625e-04 1.677443981170654297e-01
