1.692211713401175976e+09 6.697177886962890625e-04 4.523205757141113281e-02
1.692211719531412840e+09 5.748271942138671875e-04 4.262924194335937500e-02
1.692211725628808975e+09 5.376338958740234375e-04 4.085159301757812500e-02
1.692211731726847410e+09 1.974105834960937500e-04 3.898811340332031250e-02
1.692211737822422981e+09 2.574920654296875000e-04 2.919530868530273438e-02
1.692211743926180601e+09 1.118183135986328125e-03 1.010310649871826172e-01
1.692211750097628117e+09 6.639957427978515625e-04 3.379559516906738281e-02
1.692211756217755318e+09 1.740455627441406250e-04 7.598733901977539062e-02
1.692211762382203579e+09 5.769729614257812500e-04 1.353955268859863281e-01
1.692211768521641016e+09 1.988410949707031250e-04 7.844209671020507812e-02
1.692211774681409121e+09 5.724430084228515625e-04 1.061930656433105469e-01
1.692211780792594433e+09 1.821517944335937500e-04 1.075427532196044922e-01
1.692211786995096922e+09 2.052783966064453125e-04 6.167912483215332031e-02
1.692211793146085978e+09 5.106925964355468750e-04 7.601904869079589844e-02
1.692211799271368027e+09 5.567073822021484375e-04 4.125642776489257812e-02
1.692211805327648640e+09 5.080699920654296875e-04 4.694104194641113281e-02
1.692211811432398558e+09 2.176761627197265625e-04 3.833532333374023438e-02
1.692211817523785353e+09 1.966953277587890625e-04 1.160607337951660156e-01
1.692211823710723400e+09 4.100799560546875000e-04 3.459835052490234375e-02
1.692211829821107626e+09 2.766847610473632812e-03 8.485102653503417969e-02
1.692211835975052595e+09 4.916191101074218750e-04 9.233927726745605469e-02
1.692211842079457283e+09 5.581378936767578125e-04 4.491066932678222656e-02
1.692211848131328583e+09 2.028942108154296875e-04 3.563618659973144531e-02
1.692211854219455719e+09 5.037784576416015625e-04 6.173181533813476562e-02
1.692211860348457098e+09 2.012968063354492188e-03 8.050990104675292969e-02
1.692211866492043257e+09 3.356933593750000000e-04 6.075286865234375000e-02
1.692211872646537066e+09 5.018711090087890625e-04 1.120820045471191406e-01
1.692211878798739433e+09 1.797676086425781250e-04 8.419013023376464844e-02
1.692211884983317852e+09 1.919269561767578125e-04 3.403925895690917969e-02
1.692211891118195295e+09 9.908676147460937500e-04 7.746505737304687500e-02
