1.692263679513680696e+09 1.475095748901367188e-03 1.856524944305419922e-01
1.692263685821090937e+09 3.974437713623046875e-04 2.449736595153808594e-01
1.692263692159334421e+09 2.696514129638671875e-04 2.461533546447753906e-01
1.692263698465495110e+09 3.099441528320312500e-04 2.308609485626220703e-01
1.692263704743970394e+09 1.762390136718750000e-03 1.671597957611083984e-01
1.692263710989984512e+09 8.301734924316406250e-04 2.523636817932128906e-01
1.692263717386757135e+09 6.711483001708984375e-04 2.273938655853271484e-01
1.692263723745717287e+09 1.263856887817382812e-03 2.086300849914550781e-01
1.692263730060549736e+09 2.422094345092773438e-03 3.117008209228515625e-01
1.692263736429321051e+09 2.744197845458984375e-04 1.530392169952392578e-01
1.692263742566285372e+09 2.959012985229492188e-03 2.797973155975341797e-01
1.692263748823052168e+09 1.056671142578125000e-03 2.325160503387451172e-01
1.692263755253999472e+09 3.335237503051757812e-03 2.060923576354980469e-01
1.692263761449203253e+09 1.148295402526855469e-02 2.177629470825195312e-01
1.692263767745945215e+09 5.204677581787109375e-04 2.159552574157714844e-01
1.692263774035964727e+09 6.175041198730468750e-04 2.082917690277099609e-01
1.692263780243597984e+09 2.958774566650390625e-04 1.566865444183349609e-01
1.692263786374963999e+09 2.582073211669921875e-04 1.485183238983154297e-01
1.692263792568725109e+09 4.630804061889648438e-03 2.884314060211181641e-01
1.692263799052152157e+09 4.789829254150390625e-04 1.733288764953613281e-01
1.692263805294602394e+09 4.723072052001953125e-04 2.219552993774414062e-01
1.692263811535133362e+09 2.658367156982421875e-04 1.870234012603759766e-01
1.692263817806179523e+09 3.306865692138671875e-04 1.505403518676757812e-01
1.692263823870999575e+09 4.627704620361328125e-04 2.655315399169921875e-01
1.692263830279741049e+09 2.477169036865234375e-04 1.301078796386718750e-01
1.692263836156979561e+09 2.450942993164062500e-04 1.250481605529785156e-01
1.692263842440805197e+09 1.406192779541015625e-03 2.888741493225097656e-01
1.692263848705817938e+09 2.899169921875000000e-04 1.435492038726806641e-01
1.692263854865770340e+09 3.354549407958984375e-04 1.272132396697998047e-01
1.692263861242500782e+09 5.416870117187500000e-04 1.342134475708007812e-01
