1.692206408175953627e+09 3.788471221923828125e-04 1.296346187591552734e-01
1.692206414405146360e+09 3.807544708251953125e-04 1.454496383666992188e-01
1.692206420617954493e+09 3.478050231933593750e-03 1.439526081085205078e-01
1.692206426833209038e+09 4.334449768066406250e-04 1.484310626983642578e-01
1.692206433024370670e+09 3.223419189453125000e-04 1.125760078430175781e-01
1.692206439213546753e+09 2.315044403076171875e-04 1.221721172332763672e-01
1.692206445393705845e+09 1.545190811157226562e-03 1.495823860168457031e-01
1.692206451629960537e+09 2.195835113525390625e-04 1.050584316253662109e-01
1.692206457782659769e+09 9.050369262695312500e-04 2.493572235107421875e-01
1.692206464135230541e+09 3.037452697753906250e-04 1.018347740173339844e-01
1.692206470275221348e+09 2.753734588623046875e-04 8.639407157897949219e-02
1.692206476470331192e+09 2.627372741699218750e-04 1.393635272979736328e-01
1.692206482713775396e+09 2.279281616210937500e-04 1.458585262298583984e-01
1.692206488921553612e+09 2.272129058837890625e-04 9.789562225341796875e-02
1.692206495074061871e+09 2.222061157226562500e-04 1.566605567932128906e-01
1.692206501331130028e+09 3.724098205566406250e-03 1.457448005676269531e-01
1.692206507527348042e+09 1.894712448120117188e-03 2.324995994567871094e-01
1.692206513812531471e+09 2.224445343017578125e-04 1.925215721130371094e-01
1.692206520066658497e+09 2.275228500366210938e-03 1.510145664215087891e-01
1.692206526230765343e+09 3.952980041503906250e-04 1.329391002655029297e-01
1.692206532410484076e+09 8.978843688964843750e-04 1.226348876953125000e-01
1.692206538601132393e+09 1.092195510864257812e-03 1.663601398468017578e-01
1.692206544852742434e+09 2.298355102539062500e-04 1.607701778411865234e-01
1.692206551036938429e+09 4.441738128662109375e-04 2.228314876556396484e-01
1.692206557301740408e+09 2.193450927734375000e-04 1.067063808441162109e-01
1.692206563486449957e+09 8.680820465087890625e-04 1.475987434387207031e-01
1.692206569723215818e+09 2.312660217285156250e-04 6.714081764221191406e-02
1.692206575842841625e+09 1.089930534362792969e-02 2.092823982238769531e-01
1.692206582110007524e+09 2.806186676025390625e-04 1.725106239318847656e-01
1.692206588346484661e+09 2.393722534179687500e-04 5.930113792419433594e-02
