1.692262416495658636e+09 8.988618850708007812e-03 2.380430698394775391e-01
1.692262422851507187e+09 3.468990325927734375e-04 1.376562118530273438e-01
1.692262429062750101e+09 2.336978912353515625e-03 2.522106170654296875e-01
1.692262435254212379e+09 2.827644348144531250e-04 1.829595565795898438e-01
1.692262441504359722e+09 4.544258117675781250e-04 2.285940647125244141e-01
1.692262447627156734e+09 8.020401000976562500e-04 1.148333549499511719e-01
1.692262453623761177e+09 2.562999725341796875e-04 1.099984645843505859e-01
1.692262460010812283e+09 2.686977386474609375e-04 1.645109653472900391e-01
1.692262466170604467e+09 2.548694610595703125e-04 5.849409103393554688e-02
1.692262472355029583e+09 5.106925964355468750e-04 1.642901897430419922e-01
1.692262478569684744e+09 6.039142608642578125e-04 1.701722145080566406e-01
1.692262484778320789e+09 4.048347473144531250e-04 1.598491668701171875e-01
1.692262490859125614e+09 2.627372741699218750e-04 5.944132804870605469e-02
1.692262496869095087e+09 7.009506225585937500e-04 1.470670700073242188e-01
1.692262503154073238e+09 3.651857376098632812e-03 1.184270381927490234e-01
1.692262509435035229e+09 4.553794860839843750e-04 1.602466106414794922e-01
1.692262515458626747e+09 7.355213165283203125e-04 3.114166259765625000e-01
1.692262521720269918e+09 2.467632293701171875e-04 1.969308853149414062e-01
1.692262528022285938e+09 9.763240814208984375e-04 8.666086196899414062e-02
1.692262534289151192e+09 2.815723419189453125e-04 1.809976100921630859e-01
1.692262540592331171e+09 2.670288085937500000e-04 1.343734264373779297e-01
1.692262546833129406e+09 2.756118774414062500e-04 2.116680145263671875e-01
1.692262553131147623e+09 3.948211669921875000e-04 1.371228694915771484e-01
1.692262559299991369e+09 2.772808074951171875e-04 1.455607414245605469e-01
1.692262565459036827e+09 7.376670837402343750e-04 3.411514759063720703e-01
1.692262571949526072e+09 4.296302795410156250e-04 3.309476375579833984e-01
1.692262578330217361e+09 4.527568817138671875e-04 2.136452198028564453e-01
1.692262584533732653e+09 4.556179046630859375e-04 8.825898170471191406e-02
1.692262590805369377e+09 2.596378326416015625e-04 1.641991138458251953e-01
1.692262597071835995e+09 2.806186676025390625e-04 8.948612213134765625e-02
