1.692212960072463751e+09 3.767013549804687500e-04 1.185617446899414062e-01
1.692212966292999029e+09 2.551078796386718750e-04 6.352901458740234375e-02
1.692212972430674314e+09 8.060932159423828125e-04 1.889984607696533203e-01
1.692212978678309917e+09 1.055955886840820312e-03 1.636500358581542969e-01
1.692212984940284729e+09 4.398822784423828125e-04 1.369802951812744141e-01
1.692212991105224133e+09 1.185655593872070312e-03 2.049019336700439453e-01
1.692212997373651743e+09 1.011610031127929688e-03 2.460365295410156250e-01
1.692213003716789961e+09 9.663105010986328125e-04 2.670457363128662109e-01
1.692213010037771702e+09 8.506774902343750000e-04 1.392545700073242188e-01
1.692213016209800720e+09 2.732276916503906250e-04 2.001893520355224609e-01
1.692213022466994524e+09 3.275871276855468750e-04 1.338181495666503906e-01
1.692213028707466602e+09 3.440380096435546875e-04 2.016453742980957031e-01
1.692213034969248772e+09 3.688335418701171875e-04 1.427731513977050781e-01
1.692213041216905355e+09 7.116794586181640625e-04 6.501603126525878906e-02
1.692213047336646318e+09 6.328821182250976562e-03 1.890988349914550781e-01
1.692213053573118925e+09 5.517721176147460938e-03 1.675119400024414062e-01
1.692213059847446203e+09 3.571510314941406250e-04 1.984603404998779297e-01
1.692213066065747261e+09 3.390312194824218750e-04 1.846349239349365234e-01
1.692213072258950472e+09 4.222393035888671875e-04 2.211256027221679688e-01
1.692213078491829872e+09 2.355575561523437500e-04 1.271698474884033203e-01
1.692213084696337938e+09 2.462863922119140625e-04 1.098005771636962891e-01
1.692213090876465559e+09 8.921623229980468750e-04 8.485841751098632812e-02
1.692213097054950237e+09 2.624988555908203125e-04 1.286664009094238281e-01
1.692213103197933674e+09 4.127025604248046875e-04 1.369893550872802734e-01
1.692213109405766487e+09 2.515316009521484375e-04 1.603257656097412109e-01
1.692213115638472795e+09 3.209114074707031250e-04 1.095814704895019531e-01
1.692213121783397913e+09 2.660751342773437500e-04 1.304144859313964844e-01
1.692213127997305870e+09 9.980201721191406250e-04 8.180069923400878906e-02
1.692213134150106668e+09 5.214214324951171875e-04 7.996511459350585938e-02
1.692213140248580456e+09 3.318786621093750000e-04 1.787197589874267578e-01
