1.692257468635276079e+09 6.976127624511718750e-04 4.687142372131347656e-02
1.692257474583478212e+09 4.198551177978515625e-04 6.799912452697753906e-02
1.692257480702192307e+09 3.750324249267578125e-04 8.839941024780273438e-02
1.692257486845157623e+09 6.070137023925781250e-04 4.086375236511230469e-02
1.692257492977622271e+09 2.155303955078125000e-04 5.839967727661132812e-02
1.692257499017636538e+09 2.217292785644531250e-04 1.251156330108642578e-01
1.692257505185174942e+09 2.005100250244140625e-04 3.483581542968750000e-02
1.692257511268720865e+09 5.512237548828125000e-04 4.317593574523925781e-02
1.692257517279447794e+09 5.331039428710937500e-04 9.417748451232910156e-02
1.692257523530647993e+09 5.460023880004882812e-03 8.044290542602539062e-02
1.692257529726546288e+09 5.502700805664062500e-04 5.120325088500976562e-02
1.692257535987714291e+09 1.728534698486328125e-04 3.589797019958496094e-02
1.692257542070698023e+09 7.824897766113281250e-04 4.614424705505371094e-02
1.692257548085071325e+09 1.631975173950195312e-03 8.821225166320800781e-02
1.692257554124755144e+09 3.008842468261718750e-04 4.063010215759277344e-02
1.692257560075478077e+09 5.841255187988281250e-04 1.024470329284667969e-01
1.692257566339088202e+09 5.893707275390625000e-04 4.166173934936523438e-02
1.692257572278314114e+09 9.226799011230468750e-04 8.160138130187988281e-02
1.692257578323930025e+09 5.958080291748046875e-04 4.563736915588378906e-02
1.692257584382831335e+09 5.619525909423828125e-04 9.642744064331054688e-02
1.692257590637064934e+09 1.564025878906250000e-04 5.259585380554199219e-02
1.692257596788267374e+09 5.507469177246093750e-04 4.979538917541503906e-02
1.692257602786381245e+09 9.422302246093750000e-04 7.987809181213378906e-02
1.692257608829518318e+09 3.821849822998046875e-03 7.984089851379394531e-02
1.692257615031338930e+09 5.035400390625000000e-04 8.967351913452148438e-02
1.692257621126743555e+09 5.850791931152343750e-04 4.499554634094238281e-02
1.692257627181853294e+09 5.509853363037109375e-04 4.288697242736816406e-02
1.692257633279098272e+09 5.478858947753906250e-04 7.535862922668457031e-02
1.692257639512022018e+09 5.095005035400390625e-04 3.017830848693847656e-02
1.692257645767165661e+09 5.371570587158203125e-04 7.955861091613769531e-02
