1.692259892720810652e+09 5.855560302734375000e-04 1.672151088714599609e-01
1.692259898890023947e+09 1.209497451782226562e-03 1.856684684753417969e-01
1.692259905109973192e+09 8.635520935058593750e-04 2.251334190368652344e-01
1.692259911259392977e+09 3.089904785156250000e-04 2.082164287567138672e-01
1.692259917428629637e+09 3.869533538818359375e-04 9.387278556823730469e-02
1.692259923515342474e+09 6.377696990966796875e-04 1.373684406280517578e-01
1.692259929667071104e+09 2.227783203125000000e-03 3.186578750610351562e-01
1.692259935964323997e+09 2.243518829345703125e-04 2.044484615325927734e-01
1.692259942236009598e+09 1.244783401489257812e-03 1.483266353607177734e-01
1.692259948474312544e+09 2.808570861816406250e-04 2.987220287322998047e-01
1.692259954919346571e+09 8.738040924072265625e-04 1.716001033782958984e-01
1.692259961215181112e+09 2.665519714355468750e-04 5.287408828735351562e-02
1.692259967283202410e+09 7.786750793457031250e-04 1.917929649353027344e-01
1.692259973615615845e+09 2.546310424804687500e-04 1.410124301910400391e-01
1.692259979761154413e+09 2.403259277343750000e-04 1.775045394897460938e-01
1.692259986199506760e+09 9.908676147460937500e-04 1.441738605499267578e-01
1.692259992488297462e+09 4.673004150390625000e-04 1.245918273925781250e-01
1.692259998648874760e+09 2.810955047607421875e-04 1.299886703491210938e-01
1.692260004850402594e+09 2.405643463134765625e-04 1.511671543121337891e-01
1.692260010972712040e+09 3.793239593505859375e-04 8.176755905151367188e-02
1.692260017103291988e+09 2.286171913146972656e-02 2.588191032409667969e-01
1.692260023315396547e+09 2.789497375488281250e-04 1.350691318511962891e-01
1.692260029567444563e+09 2.274513244628906250e-04 2.069516181945800781e-01
1.692260035634129047e+09 7.815361022949218750e-04 1.650543212890625000e-01
1.692260041693103552e+09 2.686977386474609375e-04 1.015856266021728516e-01
1.692260048022496939e+09 6.501674652099609375e-04 2.443425655364990234e-01
1.692260054472748995e+09 2.462863922119140625e-04 1.083588600158691406e-01
1.692260060728499413e+09 2.593994140625000000e-04 1.026527881622314453e-01
1.692260066722954512e+09 7.078647613525390625e-04 2.175395488739013672e-01
1.692260072841083527e+09 4.086494445800781250e-04 2.506177425384521484e-01
