1.692201990930105448e+09 3.020763397216796875e-04 1.270728111267089844e-01
1.692201997156022549e+09 2.615451812744140625e-04 1.827385425567626953e-01
1.692202003406673431e+09 3.323554992675781250e-04 6.961297988891601562e-02
1.692202009494551420e+09 2.639293670654296875e-04 9.672331809997558594e-02
1.692202015626440048e+09 7.474422454833984375e-04 1.429393291473388672e-01
1.692202021869353294e+09 6.382465362548828125e-04 1.364047527313232422e-01
1.692202028067282677e+09 3.247261047363281250e-04 1.263029575347900391e-01
1.692202034250728369e+09 9.071826934814453125e-04 1.015956401824951172e-01
1.692202040427294016e+09 7.975101470947265625e-04 1.279010772705078125e-01
1.692202046571802378e+09 5.002021789550781250e-04 8.890080451965332031e-02
1.692202052714553595e+09 2.446174621582031250e-04 4.919958114624023438e-02
1.692202058772246122e+09 1.669406890869140625e-03 9.827995300292968750e-02
1.692202064927112103e+09 2.689361572265625000e-04 3.035988807678222656e-01
1.692202071326333761e+09 4.557609558105468750e-03 1.637811660766601562e-01
1.692202077603619099e+09 5.106925964355468750e-04 7.156538963317871094e-02
1.692202083695123911e+09 4.379749298095703125e-04 5.215978622436523438e-02
1.692202089779914618e+09 3.480911254882812500e-04 1.592807769775390625e-01
1.692202096007113695e+09 1.263856887817382812e-03 2.069354057312011719e-01
1.692202102242492914e+09 2.324581146240234375e-04 1.178531646728515625e-01
1.692202108443239927e+09 5.970001220703125000e-04 1.537656784057617188e-01
1.692202114680915356e+09 3.602504730224609375e-04 1.242711544036865234e-01
1.692202120863268137e+09 3.411769866943359375e-04 5.926012992858886719e-02
1.692202126984318972e+09 4.627704620361328125e-04 1.395673751831054688e-01
1.692202133165124655e+09 7.848739624023437500e-04 2.728574275970458984e-01
1.692202139504106045e+09 2.923011779785156250e-04 1.521375179290771484e-01
1.692202145676907539e+09 3.311634063720703125e-04 2.154905796051025391e-01
1.692202151958767414e+09 2.336502075195312500e-04 1.158881187438964844e-01
1.692202158143160820e+09 5.195140838623046875e-04 8.281803131103515625e-02
1.692202164308965445e+09 8.840560913085937500e-04 1.003429889678955078e-01
1.692202170447558641e+09 5.953311920166015625e-04 1.597425937652587891e-01
