1.692265982084130287e+09 5.934476852416992188e-03 7.229042053222656250e-02
1.692265988261369944e+09 5.228519439697265625e-04 8.342266082763671875e-02
1.692265994357835531e+09 3.540992736816406250e-03 8.873605728149414062e-02
1.692266000574445963e+09 2.193450927734375000e-04 3.274631500244140625e-02
1.692266006504682302e+09 1.935958862304687500e-04 3.421759605407714844e-02
1.692266012705980778e+09 1.987695693969726562e-03 1.018886566162109375e-01
1.692266018880179644e+09 8.363723754882812500e-04 4.677057266235351562e-02
1.692266024822835207e+09 1.721382141113281250e-04 7.855176925659179688e-02
1.692266031151344776e+09 1.026868820190429688e-03 4.822230339050292969e-02
1.692266037225166082e+09 2.133846282958984375e-04 6.594300270080566406e-02
1.692266043238364458e+09 5.500316619873046875e-04 4.678320884704589844e-02
1.692266049221117258e+09 1.716613769531250000e-04 5.934381484985351562e-02
1.692266055434319019e+09 2.753734588623046875e-04 4.058909416198730469e-02
1.692266061612375021e+09 5.908012390136718750e-04 6.632375717163085938e-02
1.692266067739892960e+09 1.778602600097656250e-04 4.565143585205078125e-02
1.692266073917312860e+09 6.639957427978515625e-04 5.339169502258300781e-02
1.692266079825238943e+09 5.543231964111328125e-04 2.985930442810058594e-02
1.692266086004085541e+09 1.881122589111328125e-04 7.407355308532714844e-02
1.692266092147976637e+09 5.385875701904296875e-04 1.060929298400878906e-01
1.692266098284452915e+09 5.011558532714843750e-04 3.973722457885742188e-02
1.692266104313835621e+09 5.612373352050781250e-04 4.300475120544433594e-02
1.692266110517352343e+09 3.383159637451171875e-04 5.965566635131835938e-02
1.692266116333324432e+09 5.743503570556640625e-04 4.495096206665039062e-02
1.692266122619344473e+09 4.885196685791015625e-04 8.486580848693847656e-02
1.692266128858852863e+09 5.278587341308593750e-04 4.710841178894042969e-02
1.692266134921511650e+09 2.222061157226562500e-04 9.238362312316894531e-02
1.692266141184712648e+09 5.400180816650390625e-04 4.325079917907714844e-02
1.692266147117839813e+09 6.039142608642578125e-04 4.379010200500488281e-02
1.692266153118659735e+09 5.080699920654296875e-04 1.147239208221435547e-01
1.692266159207190037e+09 5.600452423095703125e-04 7.311582565307617188e-02
