1.692262101165996552e+09 2.459287643432617188e-03 9.333491325378417969e-02
1.692262107261687994e+09 1.024723052978515625e-03 9.983253479003906250e-02
1.692262113376784563e+09 3.667831420898437500e-03 1.704318523406982422e-01
1.692262119542358875e+09 4.944801330566406250e-04 1.391496658325195312e-01
1.692262125799762249e+09 1.182079315185546875e-03 1.734316349029541016e-01
1.692262131938446760e+09 1.528978347778320312e-03 2.867300510406494141e-01
1.692262138346775293e+09 2.620220184326171875e-04 1.522002220153808594e-01
1.692262144510272503e+09 6.239414215087890625e-04 1.913013458251953125e-01
1.692262150761109352e+09 2.858638763427734375e-04 1.062207221984863281e-01
1.692262156864105463e+09 4.792213439941406250e-04 1.252620220184326172e-01
1.692262163087595463e+09 2.861022949218750000e-04 1.253318786621093750e-01
1.692262169389653683e+09 1.050233840942382812e-03 1.267704963684082031e-01
1.692262175508846283e+09 5.099773406982421875e-04 2.802548408508300781e-01
1.692262181941534281e+09 9.748935699462890625e-04 1.194365024566650391e-01
1.692262188180188179e+09 4.482269287109375000e-04 7.587885856628417969e-02
1.692262194447555542e+09 5.404949188232421875e-04 1.875867843627929688e-01
1.692262200852063417e+09 6.446838378906250000e-04 1.900610923767089844e-01
1.692262206949536800e+09 1.473188400268554688e-03 1.953718662261962891e-01
1.692262213357712746e+09 4.529953002929687500e-04 1.469995975494384766e-01
1.692262219408749819e+09 3.018379211425781250e-04 1.707561016082763672e-01
1.692262225532312393e+09 8.490085601806640625e-04 1.493554115295410156e-01
1.692262231816335917e+09 1.032590866088867188e-03 2.247340679168701172e-01
1.692262238204360247e+09 1.701593399047851562e-03 3.171725273132324219e-01
1.692262244702734232e+09 2.603530883789062500e-04 2.347564697265625000e-01
1.692262250992120743e+09 7.503032684326171875e-04 1.835265159606933594e-01
1.692262257242642403e+09 2.374649047851562500e-04 6.757426261901855469e-02
1.692262263228727102e+09 2.443790435791015625e-04 8.757257461547851562e-02
1.692262269345073700e+09 5.345344543457031250e-04 7.366895675659179688e-02
1.692262275732000589e+09 6.864070892333984375e-04 1.430633068084716797e-01
1.692262281709032297e+09 2.524852752685546875e-04 2.111444473266601562e-01
