1.692257368472130060e+09 3.399848937988281250e-04 1.356596946716308594e-01
1.692257374708440304e+09 2.603530883789062500e-04 1.159293651580810547e-01
1.692257380787987232e+09 4.693269729614257812e-03 1.840171813964843750e-01
1.692257387095249653e+09 6.079673767089843750e-04 2.233726978302001953e-01
1.692257393401417971e+09 2.765655517578125000e-04 1.881105899810791016e-01
1.692257399474671602e+09 3.011226654052734375e-04 1.656002998352050781e-01
1.692257405844626904e+09 2.915859222412109375e-04 1.825747489929199219e-01
1.692257412156908035e+09 4.761219024658203125e-04 6.341695785522460938e-02
1.692257418237028360e+09 3.397464752197265625e-04 1.164197921752929688e-01
1.692257424390067577e+09 4.014968872070312500e-04 1.035525798797607422e-01
1.692257430593940973e+09 1.118659973144531250e-03 1.980307102203369141e-01
1.692257436790839911e+09 2.923011779785156250e-04 8.061647415161132812e-02
1.692257442852890015e+09 2.629756927490234375e-04 1.474330425262451172e-01
1.692257448922413111e+09 2.373456954956054688e-03 2.270677089691162109e-01
1.692257455324231863e+09 2.056121826171875000e-03 1.262068748474121094e-01
1.692257461509125948e+09 4.715919494628906250e-04 2.021064758300781250e-01
1.692257467776566267e+09 3.056526184082031250e-04 1.485383510589599609e-01
1.692257473824947119e+09 7.541179656982421875e-04 1.715254783630371094e-01
1.692257480245880604e+09 8.506774902343750000e-04 2.786030769348144531e-01
1.692257486561280727e+09 2.365350723266601562e-03 3.467612266540527344e-01
1.692257492944043875e+09 3.342628479003906250e-04 1.533532142639160156e-01
1.692257499329635143e+09 2.641677856445312500e-04 1.617913246154785156e-01
1.692257505542076588e+09 6.696939468383789062e-03 2.489840984344482422e-01
1.692257511734401226e+09 4.143714904785156250e-04 2.998800277709960938e-01
1.692257518114299774e+09 3.054141998291015625e-04 3.550996780395507812e-01
1.692257524272559643e+09 4.973411560058593750e-04 3.147735595703125000e-01
1.692257530794160128e+09 2.651214599609375000e-04 1.978204250335693359e-01
1.692257536971167088e+09 2.509117126464843750e-03 2.237110137939453125e-01
1.692257543199562788e+09 5.488395690917968750e-04 7.634425163269042969e-02
1.692257549456059933e+09 1.748800277709960938e-03 1.760675907135009766e-01
