1.692255474899556637e+09 2.122640609741210938e-03 1.029591560363769531e-01
1.692255480909353256e+09 2.517700195312500000e-04 1.984598636627197266e-01
1.692255487197750092e+09 2.493858337402343750e-04 7.291436195373535156e-02
1.692255493072431326e+09 3.662109375000000000e-04 1.498448848724365234e-01
1.692255499450182676e+09 2.512931823730468750e-04 1.875460147857666016e-01
1.692255505586830139e+09 2.782344818115234375e-04 9.147596359252929688e-02
1.692255511792797804e+09 3.263950347900390625e-04 1.269209384918212891e-01
1.692255517932875156e+09 3.836154937744140625e-04 1.188051700592041016e-01
1.692255524220476627e+09 3.473758697509765625e-04 1.635496616363525391e-01
1.692255530263310194e+09 8.468627929687500000e-04 1.891469955444335938e-01
1.692255536494229794e+09 3.182888031005859375e-04 2.449867725372314453e-01
1.692255542749808788e+09 2.596378326416015625e-04 1.797978878021240234e-01
1.692255549079222441e+09 8.759498596191406250e-04 2.801096439361572266e-01
1.692255555287194252e+09 2.629756927490234375e-04 2.271649837493896484e-01
1.692255561526822329e+09 3.728866577148437500e-04 7.771229743957519531e-02
1.692255567590078592e+09 2.498626708984375000e-04 1.261081695556640625e-01
1.692255573726056576e+09 2.675056457519531250e-04 1.282496452331542969e-01
1.692255579927943468e+09 7.619857788085937500e-04 1.723203659057617188e-01
1.692255586092463732e+09 3.113746643066406250e-04 3.070445060729980469e-01
1.692255592608811140e+09 7.979869842529296875e-04 2.089939117431640625e-01
1.692255599027758360e+09 2.334117889404296875e-04 1.837947368621826172e-01
1.692255605287691355e+09 1.431941986083984375e-03 1.834342479705810547e-01
1.692255611585542917e+09 4.951953887939453125e-04 6.786465644836425781e-02
1.692255617669580460e+09 2.763748168945312500e-03 1.190516948699951172e-01
1.692255623825218678e+09 5.090236663818359375e-03 1.159224510192871094e-01
1.692255629933702707e+09 3.378391265869140625e-04 1.473667621612548828e-01
1.692255636149600983e+09 2.367496490478515625e-04 1.299214363098144531e-01
1.692255642433619022e+09 1.560688018798828125e-03 2.831859588623046875e-01
1.692255648691166401e+09 3.306865692138671875e-04 6.326746940612792969e-02
1.692255654770895958e+09 6.191730499267578125e-04 9.953594207763671875e-02
