1.692266927764761448e+09 6.709098815917968750e-04 6.279158592224121094e-02
1.692266933815184832e+09 5.726814270019531250e-04 5.577087402343750000e-02
1.692266939908177137e+09 2.383947372436523438e-03 1.048402786254882812e-01
1.692266946056684971e+09 5.950927734375000000e-04 9.074831008911132812e-02
1.692266952143526793e+09 2.326965332031250000e-04 4.364871978759765625e-02
1.692266958394102812e+09 2.257823944091796875e-04 8.634066581726074219e-02
1.692266964541884661e+09 1.854896545410156250e-04 3.574514389038085938e-02
1.692266970685792923e+09 1.924037933349609375e-04 8.192825317382812500e-02
1.692266976847970963e+09 8.244514465332031250e-04 4.788565635681152344e-02
1.692266982902435064e+09 5.617141723632812500e-04 4.337191581726074219e-02
1.692266988995889425e+09 5.843639373779296875e-04 4.103946685791015625e-02
1.692266995193284273e+09 6.122589111328125000e-04 7.801508903503417969e-02
1.692267001257657766e+09 5.054473876953125000e-04 8.485150337219238281e-02
1.692267007136859417e+09 1.673936843872070312e-03 8.318257331848144531e-02
1.692267013135713577e+09 2.048015594482421875e-04 6.781792640686035156e-02
1.692267019324283600e+09 5.269050598144531250e-04 4.230284690856933594e-02
1.692267025294825315e+09 4.694461822509765625e-04 3.743481636047363281e-02
1.692267031389221191e+09 6.139278411865234375e-04 1.053621768951416016e-01
1.692267037658066511e+09 5.748271942138671875e-04 1.084594726562500000e-01
1.692267043873385668e+09 3.397464752197265625e-04 5.544614791870117188e-02
1.692267049806507826e+09 6.220340728759765625e-04 1.291594505310058594e-01
1.692267055994020939e+09 5.390644073486328125e-04 4.168701171875000000e-02
1.692267061993836164e+09 3.878355026245117188e-03 7.490706443786621094e-02
1.692267068131474733e+09 5.230903625488281250e-04 5.222296714782714844e-02
1.692267074104530096e+09 2.565383911132812500e-04 6.168103218078613281e-02
1.692267080212642431e+09 5.209445953369140625e-04 4.561424255371093750e-02
1.692267086397812128e+09 1.780986785888671875e-04 6.756210327148437500e-02
1.692267092421642542e+09 5.080699920654296875e-04 4.320359230041503906e-02
1.692267098394296408e+09 5.662441253662109375e-04 6.102418899536132812e-02
1.692267104413627863e+09 5.826950073242187500e-04 3.956818580627441406e-02
