1.692223371906358719e+09 3.330707550048828125e-04 7.716155052185058594e-02
1.692223377990574837e+09 5.507469177246093750e-04 1.781888008117675781e-01
1.692223384188117743e+09 3.917217254638671875e-04 3.247988224029541016e-01
1.692223390540460825e+09 2.586841583251953125e-04 1.601672172546386719e-01
1.692223396787675858e+09 4.176855087280273438e-03 1.596384048461914062e-01
1.692223402975280762e+09 3.147125244140625000e-04 1.967470645904541016e-01
1.692223409211281776e+09 3.955364227294921875e-04 1.461961269378662109e-01
1.692223415453105211e+09 2.574920654296875000e-04 2.190616130828857422e-01
1.692223421725978374e+09 2.787113189697265625e-04 5.329132080078125000e-02
1.692223427873578072e+09 8.287429809570312500e-04 1.253907680511474609e-01
1.692223434066524506e+09 1.107692718505859375e-03 8.658599853515625000e-02
1.692223440201622248e+09 5.056858062744140625e-04 1.339173316955566406e-01
1.692223446341514587e+09 3.457069396972656250e-04 1.203298568725585938e-01
1.692223452528253317e+09 6.241798400878906250e-04 9.924459457397460938e-02
1.692223458713963032e+09 6.666183471679687500e-04 2.477946281433105469e-01
1.692223465057398558e+09 6.265640258789062500e-04 1.326270103454589844e-01
1.692223471251719952e+09 2.443790435791015625e-04 1.110296249389648438e-01
1.692223477418186188e+09 2.386569976806640625e-04 7.625269889831542969e-02
1.692223483583160877e+09 1.913309097290039062e-03 1.824302673339843750e-01
1.692223489797342062e+09 3.356933593750000000e-04 1.645126342773437500e-01
1.692223495978496313e+09 3.743171691894531250e-03 1.443705558776855469e-01
1.692223502164164543e+09 2.291202545166015625e-04 1.009507179260253906e-01
1.692223508314075470e+09 9.546279907226562500e-04 1.649775505065917969e-01
1.692223514589427233e+09 1.268148422241210938e-03 3.177146911621093750e-01
1.692223520941703796e+09 7.740974426269531250e-03 1.634349822998046875e-01
1.692223527223187447e+09 2.448558807373046875e-04 6.205630302429199219e-02
1.692223533368989468e+09 3.333091735839843750e-04 7.953333854675292969e-02
1.692223539488507032e+09 5.455017089843750000e-04 3.115587234497070312e-01
1.692223545821777582e+09 2.412796020507812500e-04 1.110982894897460938e-01
1.692223552019778490e+09 2.446174621582031250e-04 1.815500259399414062e-01
