1.692265256656462193e+09 6.196498870849609375e-04 1.559538841247558594e-01
1.692265262823652029e+09 6.225109100341796875e-04 2.273070812225341797e-01
1.692265269187096596e+09 4.856586456298828125e-04 5.794191360473632812e-02
1.692265275316938639e+09 2.975463867187500000e-04 5.562400817871093750e-02
1.692265281611156225e+09 3.106594085693359375e-04 3.219480514526367188e-01
1.692265288180524826e+09 8.757114410400390625e-04 1.591975688934326172e-01
1.692265294416327477e+09 7.586479187011718750e-04 7.709145545959472656e-02
1.692265300440020561e+09 2.825260162353515625e-04 5.417203903198242188e-02
1.692265306532912731e+09 2.574920654296875000e-04 1.838357448577880859e-01
1.692265312939145803e+09 3.454685211181640625e-04 1.770207881927490234e-01
1.692265319344691992e+09 2.763271331787109375e-04 2.346196174621582031e-01
1.692265325691511869e+09 2.784729003906250000e-04 1.161282062530517578e-01
1.692265331772341013e+09 4.196166992187500000e-04 1.647133827209472656e-01
1.692265338021098852e+09 2.608299255371093750e-04 2.044785022735595703e-01
1.692265344465095043e+09 4.007816314697265625e-04 8.176016807556152344e-02
1.692265350642624378e+09 2.283334732055664062e-03 1.361863613128662109e-01
1.692265356798456192e+09 4.150867462158203125e-04 2.151513099670410156e-01
1.692265363171685934e+09 6.442070007324218750e-04 1.640069484710693359e-01
1.692265369430834293e+09 3.538131713867187500e-04 6.465554237365722656e-02
1.692265375433027983e+09 7.152557373046875000e-04 9.273648262023925781e-02
1.692265381650970221e+09 2.291679382324218750e-03 2.686555385589599609e-01
1.692265387930268049e+09 1.340627670288085938e-03 8.446884155273437500e-02
1.692265394053755045e+09 4.284381866455078125e-04 2.045524120330810547e-01
1.692265400263259888e+09 3.707408905029296875e-04 1.338958740234375000e-01
1.692265406392952442e+09 4.627704620361328125e-04 2.021245956420898438e-01
1.692265412560463428e+09 2.658367156982421875e-04 1.247496604919433594e-01
1.692265418880270481e+09 3.783702850341796875e-04 1.681678295135498047e-01
1.692265425127009392e+09 1.015186309814453125e-03 8.871603012084960938e-02
1.692265431150188446e+09 9.009838104248046875e-04 2.027018070220947266e-01
1.692265437520498991e+09 4.522800445556640625e-04 2.403864860534667969e-01
