1.692257052782840252e+09 3.332614898681640625e-03 1.632156372070312500e-01
1.692257058957678795e+09 3.113746643066406250e-04 1.490693092346191406e-01
1.692257064935531616e+09 1.045227050781250000e-03 1.287763118743896484e-01
1.692257071230648994e+09 2.813339233398437500e-04 6.204581260681152344e-02
1.692257077445783377e+09 2.710342407226562500e-03 2.532005310058593750e-01
1.692257083646425486e+09 9.422302246093750000e-04 2.360095977783203125e-01
1.692257090131297350e+09 3.235340118408203125e-04 1.506085395812988281e-01
1.692257096249826431e+09 3.938674926757812500e-04 3.311645984649658203e-01
1.692257102933425903e+09 2.410411834716796875e-04 1.858341693878173828e-01
1.692257109269284725e+09 2.839565277099609375e-04 1.721949577331542969e-01
1.692257115461224079e+09 2.427101135253906250e-04 2.961535453796386719e-01
1.692257121982456207e+09 2.498626708984375000e-04 1.716475486755371094e-01
1.692257128254699945e+09 5.967617034912109375e-04 1.427817344665527344e-01
1.692257134430435181e+09 6.487369537353515625e-04 2.525136470794677734e-01
1.692257140739648104e+09 3.318786621093750000e-04 1.018371582031250000e-01
1.692257146885596275e+09 3.235340118408203125e-04 1.605870723724365234e-01
1.692257153151268721e+09 3.597736358642578125e-04 8.273887634277343750e-02
1.692257159372748852e+09 8.003711700439453125e-04 3.083982467651367188e-01
1.692257165812072754e+09 9.212493896484375000e-04 1.181678771972656250e-01
1.692257172217741013e+09 7.114410400390625000e-04 1.929538249969482422e-01
1.692257178392745256e+09 3.347396850585937500e-04 1.216285228729248047e-01
1.692257184505966902e+09 4.980564117431640625e-04 1.482000350952148438e-01
1.692257190837739944e+09 2.489089965820312500e-04 3.175914287567138672e-01
1.692257197100620985e+09 9.162425994873046875e-04 2.933599948883056641e-01
1.692257203609931946e+09 1.201152801513671875e-03 7.100152969360351562e-02
1.692257209756324530e+09 2.742052078247070312e-03 2.571768760681152344e-01
1.692257216053804874e+09 2.527236938476562500e-04 1.392862796783447266e-01
1.692257222322326899e+09 2.243518829345703125e-03 1.087672710418701172e-01
1.692257228401610613e+09 3.304481506347656250e-04 9.994292259216308594e-02
1.692257234386495352e+09 3.218650817871093750e-04 1.236939430236816406e-01
