1.692212344118164062e+09 6.220340728759765625e-04 9.547924995422363281e-02
1.692212350314949036e+09 5.788803100585937500e-04 7.253432273864746094e-02
1.692212356392091990e+09 5.362033843994140625e-04 3.879308700561523438e-02
1.692212362458075047e+09 5.295276641845703125e-04 4.843449592590332031e-02
1.692212368566788673e+09 2.076625823974609375e-04 7.787847518920898438e-02
1.692212374708301544e+09 5.466938018798828125e-04 4.780530929565429688e-02
1.692212380767045021e+09 3.988742828369140625e-04 4.443383216857910156e-02
1.692212386863193512e+09 4.582405090332031250e-04 4.513549804687500000e-02
1.692212392964586258e+09 5.514621734619140625e-04 8.457922935485839844e-02
1.692212399105919838e+09 5.440711975097656250e-04 7.940316200256347656e-02
1.692212405198935509e+09 5.552768707275390625e-04 4.442405700683593750e-02
1.692212411263916969e+09 4.911422729492187500e-04 5.023932456970214844e-02
1.692212417369153023e+09 5.278587341308593750e-04 4.539132118225097656e-02
1.692212423464382410e+09 3.046989440917968750e-04 4.322266578674316406e-02
1.692212429564079762e+09 2.312660217285156250e-04 1.030979156494140625e-01
1.692212435737516880e+09 2.679824829101562500e-04 4.458117485046386719e-02
1.692212441861797571e+09 5.068778991699218750e-04 1.097671985626220703e-01
1.692212448028424501e+09 2.024173736572265625e-04 3.690242767333984375e-02
1.692212454154808283e+09 2.245903015136718750e-04 6.301617622375488281e-02
1.692212460281378746e+09 9.303092956542968750e-04 1.112837791442871094e-01
1.692212466433355570e+09 2.031326293945312500e-04 9.658217430114746094e-02
1.692212472615334272e+09 5.083084106445312500e-04 1.045300960540771484e-01
1.692212478723994017e+09 8.721351623535156250e-04 1.178781986236572266e-01
1.692212484939333200e+09 1.728534698486328125e-04 7.525157928466796875e-02
1.692212491116318464e+09 5.059242248535156250e-04 1.110620498657226562e-01
1.692212497246362209e+09 4.642009735107421875e-04 8.575844764709472656e-02
1.692212503411280394e+09 4.918575286865234375e-04 4.296612739562988281e-02
1.692212509461807489e+09 4.954338073730468750e-04 4.358386993408203125e-02
1.692212515563070774e+09 1.592397689819335938e-03 4.468154907226562500e-02
1.692212521678440332e+09 5.180835723876953125e-04 1.057908535003662109e-01
