1.692212974407018185e+09 7.047653198242187500e-04 1.054544448852539062e-01
1.692212980613985538e+09 2.355575561523437500e-04 8.752155303955078125e-02
1.692212986803789139e+09 8.554458618164062500e-04 1.058964729309082031e-01
1.692212992916125774e+09 5.893707275390625000e-04 8.182430267333984375e-02
1.692212999095212460e+09 6.179809570312500000e-04 8.519816398620605469e-02
1.692213005193981409e+09 8.006095886230468750e-04 4.969811439514160156e-02
1.692213011259989977e+09 2.772808074951171875e-04 4.021883010864257812e-02
1.692213017346697569e+09 3.747701644897460938e-03 7.554936408996582031e-02
1.692213023508835316e+09 3.237724304199218750e-04 3.811240196228027344e-02
1.692213029644984484e+09 2.184152603149414062e-03 8.411550521850585938e-02
1.692213035810605526e+09 2.717971801757812500e-04 6.866407394409179688e-02
1.692213041975677252e+09 2.081394195556640625e-04 8.751654624938964844e-02
1.692213048119596004e+09 1.897811889648437500e-04 3.918051719665527344e-02
1.692213054245837212e+09 4.530668258666992188e-03 7.969450950622558594e-02
1.692213060418739557e+09 2.005100250244140625e-04 3.140139579772949219e-02
1.692213066538315296e+09 4.999637603759765625e-04 4.620432853698730469e-02
1.692213072653791666e+09 2.524852752685546875e-04 3.867483139038085938e-02
1.692213078746609926e+09 1.723766326904296875e-04 5.527186393737792969e-02
1.692213084862977743e+09 2.894401550292968750e-04 3.670430183410644531e-02
1.692213090954023600e+09 5.373954772949218750e-04 1.262061595916748047e-01
1.692213097137585878e+09 2.014636993408203125e-04 4.451370239257812500e-02
1.692213103251056194e+09 6.451606750488281250e-04 5.583691596984863281e-02
1.692213109363205910e+09 5.366802215576171875e-04 1.029589176177978516e-01
1.692213115514053822e+09 5.671977996826171875e-04 1.093578338623046875e-01
1.692213121717957735e+09 5.242824554443359375e-04 8.840441703796386719e-02
1.692213127895799875e+09 5.037784576416015625e-04 9.839558601379394531e-02
1.692213134006635427e+09 1.248145103454589844e-02 8.299517631530761719e-02
1.692213140206860781e+09 3.054141998291015625e-04 8.235812187194824219e-02
1.692213146389857054e+09 1.379013061523437500e-02 9.438633918762207031e-02
1.692213152521940947e+09 1.622438430786132812e-03 5.097889900207519531e-02
