1.692221173133542299e+09 7.894039154052734375e-04 5.067729949951171875e-02
1.692221179286013365e+09 2.446174621582031250e-04 3.896784782409667969e-02
1.692221185372147560e+09 6.278991699218750000e-03 1.168580055236816406e-01
1.692221191561398029e+09 5.533695220947265625e-04 6.591439247131347656e-02
1.692221197699368238e+09 5.466938018798828125e-04 1.230912208557128906e-01
1.692221203862596989e+09 1.723766326904296875e-04 8.579063415527343750e-02
1.692221210024495125e+09 5.071163177490234375e-04 5.497670173645019531e-02
1.692221216088809490e+09 1.811981201171875000e-04 3.161430358886718750e-02
1.692221222164520025e+09 2.667307853698730469e-02 8.274555206298828125e-02
1.692221228345795393e+09 1.178503036499023438e-03 5.509710311889648438e-02
1.692221234491153240e+09 5.452632904052734375e-04 9.416818618774414062e-02
1.692221240632801294e+09 6.380081176757812500e-04 8.976292610168457031e-02
1.692221246833536625e+09 5.173683166503906250e-04 4.403185844421386719e-02
1.692221252978351355e+09 1.866817474365234375e-04 7.289028167724609375e-02
1.692221259107409716e+09 5.228519439697265625e-04 4.392623901367187500e-02
1.692221265178478241e+09 2.508163452148437500e-04 4.728746414184570312e-02
1.692221271280295372e+09 6.759166717529296875e-04 8.833575248718261719e-02
1.692221277421198368e+09 2.207756042480468750e-04 9.200859069824218750e-02
1.692221283537155151e+09 5.557537078857421875e-04 4.032373428344726562e-02
1.692221289674952507e+09 5.495548248291015625e-04 4.133725166320800781e-02
1.692221295775512457e+09 1.788139343261718750e-04 5.044293403625488281e-02
1.692221301882610798e+09 5.047321319580078125e-04 1.203608512878417969e-01
1.692221308055358648e+09 1.926422119140625000e-04 8.155965805053710938e-02
1.692221314227906227e+09 5.471706390380859375e-04 5.263662338256835938e-02
1.692221320287098885e+09 2.455711364746093750e-04 4.867005348205566406e-02
1.692221326383051872e+09 9.272098541259765625e-04 4.302191734313964844e-02
1.692221332482358932e+09 5.071163177490234375e-04 6.661891937255859375e-02
1.692221338604301214e+09 2.045631408691406250e-04 8.171701431274414062e-02
1.692221344728845119e+09 5.264282226562500000e-04 4.979276657104492188e-02
1.692221350783584356e+09 3.187656402587890625e-04 5.307507514953613281e-02
