1.692196942278931379e+09 3.914833068847656250e-03 2.089605331420898438e-01
1.692196948591399431e+09 2.541542053222656250e-04 1.880044937133789062e-01
1.692196954845556021e+09 4.725456237792968750e-04 1.865816116333007812e-01
1.692196961045766592e+09 1.419186592102050781e-02 1.017076969146728516e-01
1.692196967168789864e+09 3.538131713867187500e-04 1.784393787384033203e-01
1.692196973431566238e+09 3.180503845214843750e-04 1.494624614715576172e-01
1.692196979605055809e+09 2.381801605224609375e-04 1.812586784362792969e-01
1.692196985833854198e+09 2.291202545166015625e-04 1.694653034210205078e-01
1.692196992038013935e+09 9.737014770507812500e-04 1.431508064270019531e-01
1.692196998211338282e+09 2.465248107910156250e-04 1.008996963500976562e-01
1.692197004353498697e+09 8.783340454101562500e-04 1.509146690368652344e-01
1.692197010616295576e+09 3.395080566406250000e-04 3.259406089782714844e-01
1.692197016980648041e+09 2.627372741699218750e-04 2.000722885131835938e-01
1.692197023253249645e+09 2.336502075195312500e-04 1.814756393432617188e-01
1.692197029547006607e+09 1.284122467041015625e-03 1.451883316040039062e-01
1.692197035713559389e+09 2.377033233642578125e-04 1.285262107849121094e-01
1.692197041886329174e+09 3.173351287841796875e-04 1.224339008331298828e-01
1.692197048075994730e+09 2.741813659667968750e-04 1.170923709869384766e-01
1.692197054275547981e+09 6.804466247558593750e-04 1.640834808349609375e-01
1.692197060526801109e+09 2.298355102539062500e-04 5.271553993225097656e-02
1.692197066605454206e+09 3.120899200439453125e-04 9.329295158386230469e-02
1.692197072754798412e+09 5.390644073486328125e-04 2.223911285400390625e-01
1.692197079078248024e+09 7.479190826416015625e-04 2.054283618927001953e-01
1.692197085362199306e+09 1.182556152343750000e-03 2.227914333343505859e-01
1.692197091695307493e+09 2.334117889404296875e-04 1.195282936096191406e-01
1.692197097876064777e+09 2.446174621582031250e-04 1.272222995758056641e-01
1.692197104081193686e+09 4.532337188720703125e-04 7.458209991455078125e-02
1.692197110228759050e+09 2.987384796142578125e-04 1.249442100524902344e-01
1.692197116379862547e+09 2.415180206298828125e-04 1.092245578765869141e-01
1.692197122561830521e+09 1.032114028930664062e-03 1.651260852813720703e-01
