1.692259261420816898e+09 6.842613220214843750e-04 1.346814632415771484e-01
1.692259267649239779e+09 9.620189666748046875e-04 1.308188438415527344e-01
1.692259273946262836e+09 4.103183746337890625e-04 1.548502445220947266e-01
1.692259280171206236e+09 1.010656356811523438e-03 2.028501033782958984e-01
1.692259286545098066e+09 2.918243408203125000e-04 1.280038356781005859e-01
1.692259292843045473e+09 1.104593276977539062e-03 1.966478824615478516e-01
1.692259299223556042e+09 3.361701965332031250e-04 8.068466186523437500e-02
1.692259305300704718e+09 2.567768096923828125e-04 2.470808029174804688e-01
1.692259311568401814e+09 3.035068511962890625e-04 1.131587028503417969e-01
1.692259317630339384e+09 5.574226379394531250e-04 2.037193775177001953e-01
1.692259323927618980e+09 9.367465972900390625e-04 1.605474948883056641e-01
1.692259330092259884e+09 5.810260772705078125e-04 9.162640571594238281e-02
1.692259336306454897e+09 3.633499145507812500e-04 7.205939292907714844e-02
1.692259342488368750e+09 4.050731658935546875e-04 1.721324920654296875e-01
1.692259348686925173e+09 4.785060882568359375e-04 1.636884212493896484e-01
1.692259355095891953e+09 3.871917724609375000e-04 2.107195854187011719e-01
1.692259361428067923e+09 2.424716949462890625e-04 1.574718952178955078e-01
1.692259367670979023e+09 1.383781433105468750e-03 1.726510524749755859e-01
1.692259373807084799e+09 3.025531768798828125e-04 1.290547847747802734e-01
1.692259380146462679e+09 2.682209014892578125e-04 2.996363639831542969e-01
1.692259386615936756e+09 3.206729888916015625e-04 1.546761989593505859e-01
1.692259392678009272e+09 9.274482727050781250e-04 1.607966423034667969e-01
1.692259398882954836e+09 5.075931549072265625e-04 1.305654048919677734e-01
1.692259405046177149e+09 2.436637878417968750e-04 7.853722572326660156e-02
1.692259410995471954e+09 9.267330169677734375e-04 1.595373153686523438e-01
1.692259417175047398e+09 1.952648162841796875e-03 1.752493381500244141e-01
1.692259423606933594e+09 3.514289855957031250e-04 1.372358798980712891e-01
1.692259429657211542e+09 2.054214477539062500e-03 1.958105564117431641e-01
1.692259435921200752e+09 2.298355102539062500e-04 1.532886028289794922e-01
1.692259442276016951e+09 5.743503570556640625e-04 1.008999347686767578e-01
