1.692221488127692938e+09 1.055955886840820312e-03 7.843136787414550781e-02
1.692221494307857513e+09 6.773471832275390625e-04 4.349255561828613281e-02
1.692221500370790005e+09 5.097389221191406250e-04 4.317760467529296875e-02
1.692221506469605207e+09 4.703998565673828125e-04 7.334113121032714844e-02
1.692221512604994297e+09 5.795955657958984375e-04 8.380985260009765625e-02
1.692221518711022377e+09 5.204677581787109375e-04 4.734373092651367188e-02
1.692221524773833990e+09 2.014636993408203125e-04 7.417440414428710938e-02
1.692221530899099588e+09 5.760192871093750000e-04 7.977819442749023438e-02
1.692221537016469002e+09 6.246566772460937500e-04 4.735183715820312500e-02
1.692221543074429274e+09 4.913806915283203125e-04 4.298520088195800781e-02
1.692221549169569492e+09 5.657672882080078125e-04 6.843090057373046875e-02
1.692221555296762228e+09 7.081031799316406250e-04 1.032373905181884766e-01
1.692221561430507660e+09 1.802444458007812500e-04 4.153490066528320312e-02
1.692221567566273689e+09 7.872581481933593750e-04 1.055235862731933594e-01
1.692221573734795094e+09 1.931190490722656250e-04 8.347773551940917969e-02
1.692221579914607525e+09 5.009174346923828125e-04 4.142928123474121094e-02
1.692221585968441010e+09 5.373954772949218750e-04 4.410004615783691406e-02
1.692221592070460796e+09 2.820253372192382812e-03 7.207417488098144531e-02
1.692221598207628965e+09 5.588531494140625000e-04 9.673953056335449219e-02
1.692221604324224949e+09 2.079010009765625000e-04 7.655811309814453125e-02
1.692221610520485640e+09 5.342960357666015625e-04 5.630016326904296875e-02
1.692221616584947109e+09 8.203983306884765625e-04 4.377293586730957031e-02
1.692221622672983885e+09 3.638982772827148438e-03 8.789038658142089844e-02
1.692221628822412729e+09 7.545948028564453125e-04 1.050634384155273438e-01
1.692221634932709217e+09 6.968975067138671875e-04 9.791493415832519531e-02
1.692221641137410402e+09 1.986026763916015625e-04 8.314919471740722656e-02
1.692221647309884310e+09 6.558895111083984375e-04 8.035421371459960938e-02
1.692221653407954454e+09 5.502700805664062500e-04 4.081821441650390625e-02
1.692221659468081951e+09 2.856254577636718750e-04 4.710602760314941406e-02
1.692221665575078726e+09 3.509521484375000000e-04 4.972839355468750000e-02
