1.692212013377959013e+09 5.514621734619140625e-04 2.166225910186767578e-01
1.692212019704345942e+09 3.199577331542968750e-04 2.653117179870605469e-01
1.692212026040961504e+09 4.559516906738281250e-03 1.406319141387939453e-01
1.692212032226314545e+09 5.757808685302734375e-04 2.776210308074951172e-01
1.692212038554238319e+09 8.616447448730468750e-04 1.907784938812255859e-01
1.692212044783727407e+09 1.209020614624023438e-03 2.336518764495849609e-01
1.692212051127219439e+09 3.204584121704101562e-03 2.598354816436767578e-01
1.692212057453942776e+09 2.398490905761718750e-04 1.333940029144287109e-01
1.692212063612724066e+09 3.507137298583984375e-04 1.832730770111083984e-01
1.692212069860377312e+09 2.520084381103515625e-04 2.392492294311523438e-01
1.692212076114931107e+09 5.972385406494140625e-04 4.264597892761230469e-01
1.692212082612187386e+09 3.383159637451171875e-04 1.415977478027343750e-01
1.692212088820213556e+09 3.445148468017578125e-04 1.351735591888427734e-01
1.692212095011962652e+09 4.961490631103515625e-04 7.962441444396972656e-02
1.692212101158266544e+09 2.565383911132812500e-04 1.316821575164794922e-01
1.692212107308298588e+09 7.853507995605468750e-04 1.495785713195800781e-01
1.692212113538495302e+09 3.075599670410156250e-04 1.419961452484130859e-01
1.692212119718359709e+09 4.904270172119140625e-04 1.882760524749755859e-01
1.692212125971502542e+09 3.802776336669921875e-04 1.347641944885253906e-01
1.692212132111345053e+09 2.446174621582031250e-04 1.321246623992919922e-01
1.692212138313882351e+09 5.393028259277343750e-04 3.957772254943847656e-01
1.692212144787932158e+09 3.216266632080078125e-04 1.961450576782226562e-01
1.692212151078807831e+09 3.253698348999023438e-03 2.818264961242675781e-01
1.692212157376422644e+09 2.437591552734375000e-03 8.285856246948242188e-02
1.692212163565192461e+09 3.144741058349609375e-04 2.511627674102783203e-01
1.692212169827731848e+09 6.072521209716796875e-04 1.490821838378906250e-01
1.692212176029168367e+09 8.516311645507812500e-04 1.435747146606445312e-01
1.692212182221331120e+09 8.673667907714843750e-03 1.514725685119628906e-01
1.692212188439943790e+09 4.854202270507812500e-04 8.434247970581054688e-02
1.692212194566267490e+09 2.608299255371093750e-04 1.486756801605224609e-01
