1.692215483991924286e+09 4.632472991943359375e-04 1.189594268798828125e-01
1.692215490207354784e+09 4.580020904541015625e-04 6.919813156127929688e-02
1.692215496361941814e+09 2.658367156982421875e-04 2.094128131866455078e-01
1.692215502598519087e+09 8.859634399414062500e-04 1.462934017181396484e-01
1.692215508840311766e+09 5.514621734619140625e-04 2.031376361846923828e-01
1.692215515092799902e+09 2.479553222656250000e-04 1.246247291564941406e-01
1.692215521321427822e+09 5.140304565429687500e-04 7.922101020812988281e-02
1.692215527490052462e+09 2.791881561279296875e-04 1.215932369232177734e-01
1.692215533613948822e+09 2.648830413818359375e-04 9.721779823303222656e-02
1.692215539787068129e+09 3.771781921386718750e-04 1.398456096649169922e-01
1.692215545948050737e+09 8.294582366943359375e-04 1.298389434814453125e-01
1.692215552125182390e+09 4.830360412597656250e-04 9.906911849975585938e-02
1.692215558287811279e+09 2.255439758300781250e-04 9.429144859313964844e-02
1.692215564482087612e+09 3.447532653808593750e-04 1.494855880737304688e-01
1.692215570638124228e+09 2.639293670654296875e-04 9.157395362854003906e-02
1.692215576779687881e+09 7.741451263427734375e-04 2.666602134704589844e-01
1.692215583070666313e+09 2.310276031494140625e-04 1.527583599090576172e-01
1.692215589243746758e+09 2.460479736328125000e-04 5.221486091613769531e-02
1.692215595340230227e+09 6.771087646484375000e-04 1.420583724975585938e-01
1.692215601532826185e+09 2.498626708984375000e-04 1.280465126037597656e-01
1.692215607715991497e+09 2.281665802001953125e-04 1.241726875305175781e-01
1.692215613921438694e+09 3.175735473632812500e-04 1.074407100677490234e-01
1.692215620098206758e+09 2.462863922119140625e-04 9.484529495239257812e-02
1.692215626283052921e+09 2.462863922119140625e-04 1.674344539642333984e-01
1.692215632455310822e+09 2.589941024780273438e-03 1.548151969909667969e-01
1.692215638649233341e+09 8.137226104736328125e-04 1.423122882843017578e-01
1.692215644843517065e+09 3.418922424316406250e-04 1.699032783508300781e-01
1.692215651062601805e+09 1.278162002563476562e-03 1.641149520874023438e-01
1.692215657255376101e+09 2.467632293701171875e-04 1.214029788970947266e-01
1.692215663412600994e+09 2.369880676269531250e-04 1.185085773468017578e-01
