1.692261567434255362e+09 6.885528564453125000e-04 5.228757858276367188e-02
1.692261573587756872e+09 5.404949188232421875e-04 1.065440177917480469e-01
1.692261579641880035e+09 5.986690521240234375e-04 5.235028266906738281e-02
1.692261585687734604e+09 6.422996520996093750e-04 1.111917495727539062e-01
1.692261591747672796e+09 4.558086395263671875e-03 7.949781417846679688e-02
1.692261597924170971e+09 5.509853363037109375e-04 5.882763862609863281e-02
1.692261603994126558e+09 1.878976821899414062e-03 5.178904533386230469e-02
1.692261610087414026e+09 5.064010620117187500e-04 3.660917282104492188e-02
1.692261616071799994e+09 5.049705505371093750e-04 4.314470291137695312e-02
1.692261622178298473e+09 8.349418640136718750e-04 9.246635437011718750e-02
1.692261628229921341e+09 2.272129058837890625e-04 9.970855712890625000e-02
1.692261634236315489e+09 5.390882492065429688e-03 9.755086898803710938e-02
1.692261640348886013e+09 1.895427703857421875e-04 3.557634353637695312e-02
1.692261646668623924e+09 2.982616424560546875e-04 4.360461235046386719e-02
1.692261652778277874e+09 5.057811737060546875e-03 8.095431327819824219e-02
1.692261658742382526e+09 5.495548248291015625e-04 8.684539794921875000e-02
1.692261664821765184e+09 5.226135253906250000e-04 1.115853786468505859e-01
1.692261671266423225e+09 1.615047454833984375e-03 9.082937240600585938e-02
1.692261677427243710e+09 5.700588226318359375e-04 7.679009437561035156e-02
1.692261683512384892e+09 3.563404083251953125e-03 7.274508476257324219e-02
1.692261689715113878e+09 5.857944488525390625e-04 4.390335083007812500e-02
1.692261695979463577e+09 5.435943603515625000e-04 4.191160202026367188e-02
1.692261702177385330e+09 5.598068237304687500e-04 3.992056846618652344e-02
1.692261708375555038e+09 5.385875701904296875e-04 4.423594474792480469e-02
1.692261714479717731e+09 5.314350128173828125e-04 4.379367828369140625e-02
1.692261720479175091e+09 1.888275146484375000e-04 3.133916854858398438e-02
1.692261726564822674e+09 5.552768707275390625e-04 7.396721839904785156e-02
1.692261732609694004e+09 1.738071441650390625e-04 4.050970077514648438e-02
1.692261738575199842e+09 6.544589996337890625e-04 1.086411476135253906e-01
1.692261744444800138e+09 5.018711090087890625e-04 4.556393623352050781e-02
