1.692269042901918888e+09 5.266666412353515625e-04 1.150076389312744141e-01
1.692269048910199642e+09 5.536079406738281250e-04 1.935355663299560547e-01
1.692269054989092112e+09 2.596378326416015625e-04 1.376800537109375000e-01
1.692269061026655674e+09 6.270408630371093750e-04 1.305763721466064453e-01
1.692269067437012434e+09 2.522468566894531250e-04 2.364952564239501953e-01
1.692269073725179195e+09 1.083374023437500000e-03 1.899957656860351562e-01
1.692269079991040707e+09 3.018379211425781250e-04 1.957252025604248047e-01
1.692269086285289526e+09 2.548694610595703125e-04 1.910777091979980469e-01
1.692269092484225273e+09 2.818107604980468750e-04 5.966067314147949219e-02
1.692269098549439669e+09 2.467632293701171875e-04 1.203370094299316406e-01
1.692269104618150949e+09 1.054286956787109375e-03 1.010584831237792969e-01
1.692269110806127548e+09 2.985000610351562500e-04 1.099388599395751953e-01
1.692269116902683735e+09 3.387928009033203125e-04 1.529967784881591797e-01
1.692269123144188166e+09 2.608299255371093750e-04 4.879426956176757812e-02
1.692269129337778807e+09 2.498626708984375000e-04 1.119468212127685547e-01
1.692269135505869627e+09 4.065036773681640625e-04 1.310586929321289062e-01
1.692269141823134422e+09 8.401870727539062500e-04 5.691981315612792969e-02
1.692269147847967386e+09 2.741813659667968750e-04 7.371258735656738281e-02
1.692269153862604618e+09 2.344131469726562500e-03 1.809670925140380859e-01
1.692269160075448990e+09 2.791881561279296875e-04 5.806899070739746094e-02
1.692269166146959305e+09 3.998279571533203125e-04 1.278109550476074219e-01
1.692269172219736099e+09 1.299381256103515625e-03 9.783315658569335938e-02
1.692269178304300785e+09 2.758502960205078125e-04 1.246671676635742188e-01
1.692269184615267038e+09 3.011226654052734375e-04 1.879127025604248047e-01
1.692269190776274204e+09 5.919933319091796875e-04 1.290416717529296875e-01
1.692269196919565678e+09 1.298189163208007812e-03 1.644179821014404297e-01
1.692269203056406260e+09 2.737045288085937500e-04 1.211545467376708984e-01
1.692269209211010218e+09 4.229545593261718750e-04 1.018631458282470703e-01
1.692269215401087046e+09 2.973079681396484375e-04 1.883647441864013672e-01
1.692269221677007675e+09 6.401538848876953125e-04 1.808300018310546875e-01
