1.692223065103430986e+09 2.341270446777343750e-04 6.541824340820312500e-02
1.692223071271003962e+09 5.385875701904296875e-04 4.313206672668457031e-02
1.692223077339007616e+09 5.223751068115234375e-04 4.039263725280761719e-02
1.692223083435951948e+09 1.947879791259765625e-04 7.645034790039062500e-02
1.692223089577897549e+09 5.419254302978515625e-04 3.726792335510253906e-02
1.692223095633237123e+09 5.583763122558593750e-04 4.563331604003906250e-02
1.692223101741683722e+09 1.947879791259765625e-04 3.479576110839843750e-02
1.692223107828137398e+09 1.667737960815429688e-03 7.795715332031250000e-02
1.692223113976332426e+09 8.347034454345703125e-04 4.196286201477050781e-02
1.692223120040086985e+09 3.411769866943359375e-04 3.266215324401855469e-02
1.692223126128118992e+09 1.952648162841796875e-04 3.839468955993652344e-02
1.692223132234027147e+09 5.459785461425781250e-04 1.030282974243164062e-01
1.692223138409978628e+09 2.195835113525390625e-04 7.649326324462890625e-02
1.692223144577297449e+09 5.807876586914062500e-04 4.642224311828613281e-02
1.692223150642530203e+09 4.935264587402343750e-04 4.080486297607421875e-02
1.692223156738036871e+09 5.612373352050781250e-04 8.093357086181640625e-02
1.692223162877368450e+09 5.400180816650390625e-04 4.215192794799804688e-02
1.692223168938388586e+09 5.650520324707031250e-04 4.004096984863281250e-02
1.692223175036275387e+09 5.333423614501953125e-04 4.106855392456054688e-02
1.692223181136335611e+09 1.592612266540527344e-02 8.324766159057617188e-02
1.692223187300757408e+09 8.952617645263671875e-04 1.065156459808349609e-01
1.692223193504956007e+09 5.652904510498046875e-04 9.552335739135742188e-02
1.692223199692830801e+09 5.226135253906250000e-04 9.398293495178222656e-02
1.692223205890088320e+09 5.269050598144531250e-04 3.688311576843261719e-02
1.692223211933289051e+09 1.716613769531250000e-04 3.525876998901367188e-02
1.692223218028889179e+09 5.555152893066406250e-04 9.632182121276855469e-02
1.692223224192334414e+09 8.082389831542968750e-04 3.817915916442871094e-02
1.692223230236690998e+09 2.031326293945312500e-04 4.695773124694824219e-02
1.692223236340723038e+09 1.280260086059570312e-02 8.931994438171386719e-02
1.692223242505127430e+09 3.979206085205078125e-04 6.446433067321777344e-02
