1.692220542136078358e+09 2.272129058837890625e-04 3.460121154785156250e-02
1.692220548269703865e+09 5.211830139160156250e-04 1.066396236419677734e-01
1.692220554454161644e+09 9.694099426269531250e-04 8.281946182250976562e-02
1.692220560637618542e+09 2.689361572265625000e-04 6.684708595275878906e-02
1.692220566802562714e+09 4.878044128417968750e-04 9.836673736572265625e-02
1.692220572945441008e+09 7.777214050292968750e-04 9.441089630126953125e-02
1.692220579132160664e+09 1.764297485351562500e-04 8.718848228454589844e-02
1.692220585229000092e+09 5.180835723876953125e-04 1.010344028472900391e-01
1.692220591338622332e+09 5.235671997070312500e-04 9.063386917114257812e-02
1.692220597529734612e+09 5.033016204833984375e-04 3.822684288024902344e-02
1.692220603576129913e+09 5.428791046142578125e-04 4.655861854553222656e-02
1.692220609683583498e+09 1.661777496337890625e-04 3.488302230834960938e-02
1.692220615769721508e+09 9.419918060302734375e-04 8.224463462829589844e-02
1.692220621931121588e+09 2.121925354003906250e-04 7.019400596618652344e-02
1.692220628006009817e+09 3.373622894287109375e-04 6.960725784301757812e-02
1.692220634106071711e+09 2.207756042480468750e-04 5.938291549682617188e-02
1.692220640197857618e+09 5.629062652587890625e-04 9.892487525939941406e-02
1.692220646337052107e+09 8.063316345214843750e-04 1.334865093231201172e-01
1.692220652573177576e+09 1.857280731201171875e-04 7.909417152404785156e-02
1.692220658739166021e+09 1.797676086425781250e-04 7.452130317687988281e-02
1.692220664924210072e+09 5.633831024169921875e-04 4.094171524047851562e-02
1.692220670978636265e+09 1.826286315917968750e-04 3.374528884887695312e-02
1.692220677069215298e+09 4.963874816894531250e-04 1.104044914245605469e-01
1.692220683248075962e+09 1.964569091796875000e-04 7.760858535766601562e-02
1.692220689415728092e+09 1.730918884277343750e-04 5.714821815490722656e-02
1.692220695494822025e+09 5.426406860351562500e-04 9.609150886535644531e-02
1.692220701636618614e+09 5.259513854980468750e-04 9.676051139831542969e-02
1.692220707834506512e+09 2.191066741943359375e-04 6.428909301757812500e-02
1.692220714001090527e+09 5.528926849365234375e-04 6.373071670532226562e-02
1.692220720102692842e+09 5.087852478027343750e-04 4.403686523437500000e-02
