1.692220847710894108e+09 3.221035003662109375e-04 1.078255176544189453e-01
1.692220853912567854e+09 2.546310424804687500e-04 1.821510791778564453e-01
1.692220860109925270e+09 2.696514129638671875e-04 9.902644157409667969e-02
1.692220866304994106e+09 3.364086151123046875e-04 1.175529956817626953e-01
1.692220872426009893e+09 2.513647079467773438e-03 1.438348293304443359e-01
1.692220878656779528e+09 2.548694610595703125e-04 1.117544174194335938e-01
1.692220884821784258e+09 2.772331237792968750e-03 1.130850315093994141e-01
1.692220891025415421e+09 2.732276916503906250e-04 1.171855926513671875e-01
1.692220897221632719e+09 7.085800170898437500e-04 8.137273788452148438e-02
1.692220903387575865e+09 5.824565887451171875e-04 1.275770664215087891e-01
1.692220909545592070e+09 1.640796661376953125e-03 1.762869358062744141e-01
1.692220915787337542e+09 5.397796630859375000e-04 1.765465736389160156e-01
1.692220921983814240e+09 3.523826599121093750e-04 8.955836296081542969e-02
1.692220928101784468e+09 2.512931823730468750e-04 1.121642589569091797e-01
1.692220934221315145e+09 3.511905670166015625e-04 9.245061874389648438e-02
1.692220940397780657e+09 2.901554107666015625e-04 1.959862709045410156e-01
1.692220946601081371e+09 2.598762512207031250e-04 1.231753826141357422e-01
1.692220952728022575e+09 2.484321594238281250e-04 1.830685138702392578e-01
1.692220959015869617e+09 2.713203430175781250e-04 9.977388381958007812e-02
1.692220965204319477e+09 2.849102020263671875e-04 1.734824180603027344e-01
1.692220971482078552e+09 2.613067626953125000e-04 1.848104000091552734e-01
1.692220977689057350e+09 6.453990936279296875e-04 1.532473564147949219e-01
1.692220983860173225e+09 9.825229644775390625e-04 1.018738746643066406e-01
1.692220990009724617e+09 7.655620574951171875e-04 1.645877361297607422e-01
1.692220996272191286e+09 9.453296661376953125e-04 1.725654602050781250e-01
1.692221002483165026e+09 6.563663482666015625e-04 6.498456001281738281e-02
1.692221008570242405e+09 8.251667022705078125e-04 9.781622886657714844e-02
1.692221014705862761e+09 1.188039779663085938e-03 9.378218650817871094e-02
1.692221020811770916e+09 2.486705780029296875e-04 5.100131034851074219e-02
1.692221026955797672e+09 8.651971817016601562e-03 1.912004947662353516e-01
