1.692217073953370571e+09 2.818107604980468750e-04 3.611826896667480469e-02
1.692217080080293179e+09 9.717941284179687500e-04 7.972383499145507812e-02
1.692217086220434904e+09 5.328655242919921875e-04 8.851671218872070312e-02
1.692217092323851585e+09 6.027221679687500000e-04 4.540443420410156250e-02
1.692217098380442858e+09 5.290508270263671875e-04 5.064606666564941406e-02
1.692217104485097647e+09 1.847743988037109375e-04 3.156733512878417969e-02
1.692217110563885212e+09 9.806156158447265625e-04 8.813023567199707031e-02
1.692217116742109060e+09 2.076625823974609375e-04 2.742767333984375000e-02
1.692217122861300468e+09 1.235961914062500000e-03 1.092293262481689453e-01
1.692217129065833092e+09 1.883506774902343750e-04 5.183529853820800781e-02
1.692217135187557459e+09 5.934238433837890625e-04 1.140379905700683594e-01
1.692217141349277258e+09 9.353160858154296875e-04 9.386181831359863281e-02
1.692217147532069683e+09 2.982616424560546875e-04 5.039858818054199219e-02
1.692217153685589075e+09 5.095005035400390625e-04 8.262038230895996094e-02
1.692217159838112116e+09 3.455162048339843750e-03 8.385062217712402344e-02
1.692217166034290075e+09 7.472038269042968750e-04 3.584265708923339844e-02
1.692217172171544790e+09 1.757144927978515625e-04 8.712768554687500000e-02
1.692217178329235792e+09 8.394718170166015625e-04 4.434347152709960938e-02
1.692217184381736040e+09 4.005432128906250000e-04 4.320740699768066406e-02
1.692217190477578402e+09 5.493164062500000000e-04 1.120173931121826172e-01
1.692217196647160769e+09 2.084088325500488281e-02 7.968139648437500000e-02
1.692217202835032463e+09 1.785755157470703125e-04 8.491873741149902344e-02
1.692217209030484438e+09 2.074241638183593750e-04 8.226871490478515625e-02
1.692217215124411345e+09 1.761913299560546875e-04 3.644561767578125000e-02
1.692217221194154978e+09 5.037784576416015625e-04 1.164429187774658203e-01
1.692217227358449459e+09 4.985332489013671875e-04 1.177382469177246094e-01
1.692217233552716494e+09 5.574226379394531250e-04 8.034801483154296875e-02
1.692217239719244242e+09 2.017021179199218750e-04 9.643888473510742188e-02
1.692217245853737116e+09 2.157688140869140625e-04 6.629657745361328125e-02
1.692217251999063015e+09 5.393028259277343750e-04 1.036593914031982422e-01
