1.692214222035262346e+09 9.307861328125000000e-04 1.321082115173339844e-01
1.692214228274475098e+09 7.126331329345703125e-04 2.147357463836669922e-01
1.692214234560114861e+09 2.901554107666015625e-04 1.186814308166503906e-01
1.692214240755311012e+09 2.605915069580078125e-04 1.185994148254394531e-01
1.692214246954296589e+09 4.379749298095703125e-04 1.356434822082519531e-01
1.692214253181765079e+09 2.639293670654296875e-04 2.728109359741210938e-01
1.692214259508508682e+09 2.269744873046875000e-04 1.228060722351074219e-01
1.692214265661489248e+09 2.436637878417968750e-04 1.269657611846923828e-01
1.692214271862895727e+09 4.856586456298828125e-04 1.655530929565429688e-01
1.692214278107650757e+09 2.567529678344726562e-03 2.200920581817626953e-01
1.692214284362015009e+09 2.858638763427734375e-04 1.217312812805175781e-01
1.692214290559917688e+09 2.484321594238281250e-04 1.074299812316894531e-01
1.692214296750347614e+09 2.398490905761718750e-04 1.936845779418945312e-01
1.692214303029450417e+09 2.093315124511718750e-04 1.438004970550537109e-01
1.692214309182911634e+09 2.601146697998046875e-04 8.209991455078125000e-02
1.692214315318124056e+09 3.986835479736328125e-03 1.199669837951660156e-01
1.692214321465404034e+09 3.356933593750000000e-04 6.529259681701660156e-02
1.692214327602039814e+09 6.864070892333984375e-04 1.466019153594970703e-01
1.692214333784224272e+09 3.442764282226562500e-04 1.339964866638183594e-01
1.692214339970706463e+09 3.886222839355468750e-04 1.888115406036376953e-01
1.692214346252008200e+09 5.018711090087890625e-04 9.045863151550292969e-02
1.692214352428467035e+09 7.896423339843750000e-04 1.711852550506591797e-01
1.692214358616040707e+09 2.341270446777343750e-04 1.331017017364501953e-01
1.692214364774371862e+09 2.393245697021484375e-03 9.642767906188964844e-02
1.692214370941982508e+09 1.149177551269531250e-03 2.727148532867431641e-01
1.692214377333133936e+09 6.515979766845703125e-04 1.062672138214111328e-01
1.692214383449522018e+09 5.202293395996093750e-04 1.466550827026367188e-01
1.692214389686487198e+09 2.670288085937500000e-04 6.141710281372070312e-02
1.692214395797452688e+09 6.127357482910156250e-04 6.153392791748046875e-02
1.692214401904323816e+09 2.372264862060546875e-04 6.232476234436035156e-02
