1.692264309941489458e+09 3.588199615478515625e-04 1.185541152954101562e-01
1.692264315854126930e+09 2.646446228027343750e-04 7.409715652465820312e-02
1.692264322014099598e+09 1.094341278076171875e-03 1.946439743041992188e-01
1.692264328365286350e+09 9.884834289550781250e-04 1.710031032562255859e-01
1.692264334721054792e+09 3.414154052734375000e-04 1.317684650421142578e-01
1.692264340967353582e+09 2.939701080322265625e-04 2.763235569000244141e-01
1.692264347411528349e+09 7.054805755615234375e-04 1.299247741699218750e-01
1.692264353468439817e+09 2.257823944091796875e-04 1.441545486450195312e-01
1.692264359689481497e+09 2.696514129638671875e-04 6.744289398193359375e-02
1.692264365704764843e+09 2.548694610595703125e-04 2.058179378509521484e-01
1.692264371843680620e+09 4.372596740722656250e-04 1.387441158294677734e-01
1.692264378075228214e+09 2.961158752441406250e-04 7.215762138366699219e-02
1.692264384311175108e+09 3.053665161132812500e-03 1.008825302124023438e-01
1.692264390346827745e+09 2.796649932861328125e-04 1.345064640045166016e-01
1.692264396570275068e+09 2.515316009521484375e-04 2.008209228515625000e-01
1.692264402835784197e+09 2.584457397460937500e-04 1.035959720611572266e-01
1.692264409238586187e+09 5.093336105346679688e-03 1.695654392242431641e-01
1.692264415413717508e+09 2.684593200683593750e-04 1.922781467437744141e-01
1.692264421629482031e+09 2.219676971435546875e-04 1.540870666503906250e-01
1.692264427995011330e+09 6.046295166015625000e-04 1.768598556518554688e-01
1.692264434222707033e+09 6.079673767089843750e-04 1.087665557861328125e-01
1.692264440563166618e+09 3.030300140380859375e-04 1.759970188140869141e-01
1.692264446811989307e+09 3.881454467773437500e-04 9.120202064514160156e-02
1.692264452828368425e+09 2.655982971191406250e-04 1.194937229156494141e-01
1.692264459255742550e+09 4.720687866210937500e-04 2.087199687957763672e-01
1.692264465450138330e+09 2.543926239013671875e-04 1.254982948303222656e-01
1.692264471665114641e+09 3.750324249267578125e-04 1.442973613739013672e-01
1.692264477780897617e+09 1.287221908569335938e-03 1.942191123962402344e-01
1.692264484232053280e+09 2.562999725341796875e-04 1.263978481292724609e-01
1.692264490362343550e+09 9.138584136962890625e-04 1.526722908020019531e-01
