1.692258945858187199e+09 3.046989440917968750e-04 2.760112285614013672e-01
1.692258952034806252e+09 5.073547363281250000e-04 2.713711261749267578e-01
1.692258958439892769e+09 5.202293395996093750e-04 1.835353374481201172e-01
1.692258964549829483e+09 3.378391265869140625e-04 1.343541145324707031e-01
1.692258970693987370e+09 2.334117889404296875e-04 2.510159015655517578e-01
1.692258977021482468e+09 2.386569976806640625e-04 1.334080696105957031e-01
1.692258983095163345e+09 6.024837493896484375e-04 6.321883201599121094e-02
1.692258989523107767e+09 8.089542388916015625e-04 1.351902484893798828e-01
1.692258995698074102e+09 7.889270782470703125e-04 1.390721797943115234e-01
1.692259001900410652e+09 3.535747528076171875e-04 1.181983947753906250e-01
1.692259008177909136e+09 3.488063812255859375e-04 1.112875938415527344e-01
1.692259014171010494e+09 9.024143218994140625e-04 1.606764793395996094e-01
1.692259020525456190e+09 2.393722534179687500e-04 1.361870765686035156e-01
1.692259026701222181e+09 3.373622894287109375e-04 1.230149269104003906e-01
1.692259032982495546e+09 2.923011779785156250e-04 1.329939365386962891e-01
1.692259039092203140e+09 1.640796661376953125e-03 9.907674789428710938e-02
1.692259045160371780e+09 2.443790435791015625e-04 1.171884536743164062e-01
1.692259051476664782e+09 1.240730285644531250e-03 1.581950187683105469e-01
1.692259057723954916e+09 2.520084381103515625e-04 1.935682296752929688e-01
1.692259063952746391e+09 7.581710815429687500e-04 1.625854969024658203e-01
1.692259070231585741e+09 3.782749176025390625e-03 1.800944805145263672e-01
1.692259076546952486e+09 2.360343933105468750e-04 1.872665882110595703e-01
1.692259082645888805e+09 3.349781036376953125e-04 8.643460273742675781e-02
1.692259088551724195e+09 1.327514648437500000e-03 1.839826107025146484e-01
1.692259094649048328e+09 3.390312194824218750e-04 1.000075340270996094e-01
1.692259100661092043e+09 2.417564392089843750e-04 1.382544040679931641e-01
1.692259106597132921e+09 6.566047668457031250e-04 1.390793323516845703e-01
1.692259112698651791e+09 2.906322479248046875e-04 2.308661937713623047e-01
1.692259118890382528e+09 1.396656036376953125e-03 2.663509845733642578e-01
1.692259125252428532e+09 2.527236938476562500e-04 2.366971969604492188e-01
