1.692213275407095671e+09 2.875328063964843750e-04 8.753919601440429688e-02
1.692213281501069784e+09 2.582073211669921875e-04 2.496151924133300781e-01
1.692213287850145817e+09 8.509159088134765625e-04 1.568026542663574219e-01
1.692213294058567762e+09 2.615451812744140625e-04 1.094977855682373047e-01
1.692213300208306789e+09 2.682209014892578125e-04 1.501843929290771484e-01
1.692213306448259354e+09 5.325555801391601562e-03 1.195828914642333984e-01
1.692213312630419254e+09 4.434585571289062500e-04 1.616573333740234375e-01
1.692213318874001026e+09 6.189346313476562500e-04 1.448216438293457031e-01
1.692213325044654846e+09 3.132820129394531250e-04 1.366760730743408203e-01
1.692213331236536026e+09 2.882480621337890625e-04 1.593015193939208984e-01
1.692213337458929539e+09 2.907514572143554688e-03 1.680951118469238281e-01
1.692213343670795441e+09 3.361701965332031250e-04 1.218008995056152344e-01
1.692213349834752321e+09 2.565383911132812500e-04 1.297924518585205078e-01
1.692213356044996500e+09 2.291202545166015625e-04 1.710216999053955078e-01
1.692213362272012472e+09 3.530740737915039062e-03 8.430457115173339844e-02
1.692213368387890816e+09 1.322269439697265625e-03 1.685404777526855469e-01
1.692213374576349974e+09 6.904602050781250000e-04 2.194921970367431641e-01
1.692213380820542812e+09 3.013610839843750000e-04 9.700441360473632812e-02
1.692213386995780468e+09 2.515316009521484375e-04 2.571706771850585938e-01
1.692213393255282640e+09 2.331733703613281250e-04 5.493950843811035156e-02
1.692213399371611357e+09 2.436637878417968750e-04 1.140213012695312500e-01
1.692213405512584686e+09 2.410411834716796875e-04 1.174774169921875000e-01
1.692213411715338945e+09 2.381801605224609375e-04 1.224079132080078125e-01
1.692213417927201748e+09 8.180141448974609375e-04 1.589403152465820312e-01
1.692213424158836365e+09 2.248287200927734375e-04 1.050634384155273438e-01
1.692213430305738688e+09 5.965232849121093750e-04 8.957481384277343750e-02
1.692213436490288258e+09 9.236335754394531250e-04 1.487748622894287109e-01
1.692213442660119295e+09 3.066062927246093750e-04 6.457448005676269531e-02
1.692213448767494202e+09 2.567768096923828125e-04 9.427213668823242188e-02
1.692213454893273354e+09 3.153085708618164062e-03 1.631879806518554688e-01
