1.692213591039378643e+09 3.287792205810546875e-04 4.889869689941406250e-02
1.692213597164487362e+09 2.572536468505859375e-04 8.314895629882812500e-02
1.692213603304632902e+09 2.548694610595703125e-04 2.102198600769042969e-01
1.692213609525891304e+09 2.474784851074218750e-04 1.109063625335693359e-01
1.692213615733740091e+09 1.082420349121093750e-03 1.589949131011962891e-01
1.692213621976577044e+09 2.279281616210937500e-04 1.126906871795654297e-01
1.692213628134976149e+09 2.477169036865234375e-04 1.129443645477294922e-01
1.692213634329640627e+09 3.788471221923828125e-04 6.723809242248535156e-02
1.692213640485927820e+09 2.734661102294921875e-04 1.311867237091064453e-01
1.692213646646807671e+09 2.734661102294921875e-04 7.449436187744140625e-02
1.692213652790492773e+09 2.605915069580078125e-04 9.772729873657226562e-02
1.692213658913511992e+09 3.376007080078125000e-04 1.307032108306884766e-01
1.692213665047281981e+09 2.603530883789062500e-04 2.747075557708740234e-01
1.692213671390085459e+09 2.286434173583984375e-04 6.031203269958496094e-02
1.692213677488903761e+09 2.410411834716796875e-04 1.422910690307617188e-01
1.692213683661621809e+09 8.418560028076171875e-04 1.186580657958984375e-01
1.692213689845425844e+09 6.165504455566406250e-04 1.046462059020996094e-01
1.692213696029171467e+09 4.565715789794921875e-04 1.146697998046875000e-01
1.692213702231406927e+09 3.750324249267578125e-04 1.787428855895996094e-01
1.692213708494469881e+09 5.173683166503906250e-04 1.222641468048095703e-01
1.692213714646686792e+09 4.782676696777343750e-04 1.483421325683593750e-01
1.692213720870981455e+09 3.821849822998046875e-04 1.162395477294921875e-01
1.692213727032925129e+09 2.622604370117187500e-04 6.327486038208007812e-02
1.692213733179103851e+09 2.565383911132812500e-04 1.266334056854248047e-01
1.692213739349488735e+09 3.771781921386718750e-04 1.892607212066650391e-01
1.692213745605014086e+09 1.635313034057617188e-03 1.490235328674316406e-01
1.692213751782795429e+09 3.614425659179687500e-04 9.337186813354492188e-02
1.692213757915929079e+09 3.004074096679687500e-04 9.849166870117187500e-02
1.692213764022901535e+09 3.278255462646484375e-04 2.260107994079589844e-01
1.692213770341897011e+09 2.218961715698242188e-03 1.049675941467285156e-01
