1.692219911761181116e+09 6.060600280761718750e-04 3.930592536926269531e-02
1.692219917921777487e+09 1.947879791259765625e-04 7.247805595397949219e-02
1.692219924048383713e+09 6.272792816162109375e-04 4.769873619079589844e-02
1.692219930108552217e+09 6.146430969238281250e-04 4.135274887084960938e-02
1.692219936202087879e+09 1.909732818603515625e-04 6.725358963012695312e-02
1.692219942348186970e+09 5.724430084228515625e-04 1.274082660675048828e-01
1.692219948488040686e+09 1.940727233886718750e-04 6.153035163879394531e-02
1.692219954622696877e+09 4.488468170166015625e-03 7.753801345825195312e-02
1.692219960759253502e+09 4.627704620361328125e-04 4.793190956115722656e-02
1.692219966906206131e+09 5.729198455810546875e-04 1.052467823028564453e-01
1.692219973066060543e+09 1.978874206542968750e-04 3.423881530761718750e-02
1.692219979197299719e+09 1.604557037353515625e-04 5.746889114379882812e-02
1.692219985320019245e+09 1.807212829589843750e-04 6.546783447265625000e-02
1.692219991435774803e+09 5.209445953369140625e-04 4.092621803283691406e-02
1.692219997501509428e+09 5.357265472412109375e-04 4.486465454101562500e-02
1.692220003606028557e+09 1.785755157470703125e-04 3.156757354736328125e-02
1.692220009690270662e+09 5.083084106445312500e-04 1.003847122192382812e-01
1.692220015862074852e+09 4.374980926513671875e-04 1.126635074615478516e-01
1.692220022073620796e+09 1.773834228515625000e-04 7.776808738708496094e-02
1.692220028237426996e+09 8.635520935058593750e-04 4.401946067810058594e-02
1.692220034307050228e+09 5.264282226562500000e-04 4.239606857299804688e-02
1.692220040402915001e+09 1.959800720214843750e-04 2.970433235168457031e-02
1.692220046487974405e+09 1.757144927978515625e-04 6.734967231750488281e-02
1.692220052626111269e+09 1.857280731201171875e-04 1.112260818481445312e-01
1.692220058794216156e+09 2.524852752685546875e-04 3.874135017395019531e-02
1.692220064897191048e+09 2.403259277343750000e-04 4.133605957031250000e-02
1.692220071003852606e+09 2.127885818481445312e-03 8.552932739257812500e-02
1.692220077154793978e+09 6.191730499267578125e-04 4.329395294189453125e-02
1.692220083204209566e+09 5.381107330322265625e-04 4.399394989013671875e-02
1.692220089305044413e+09 1.482963562011718750e-03 6.661343574523925781e-02
