1.692225902552747250e+09 8.962154388427734375e-04 4.561257362365722656e-02
1.692225908701266527e+09 5.878925323486328125e-03 7.328152656555175781e-02
1.692225914835015059e+09 6.060600280761718750e-04 7.688498497009277344e-02
1.692225920930990458e+09 5.750656127929687500e-04 6.814289093017578125e-02
1.692225927022333860e+09 5.176067352294921875e-04 4.623341560363769531e-02
1.692225933100137711e+09 1.230239868164062500e-03 4.434680938720703125e-02
1.692225939201240063e+09 5.695819854736328125e-04 1.026749610900878906e-01
1.692225945358554840e+09 4.092931747436523438e-03 4.261875152587890625e-02
1.692225951497917414e+09 5.245208740234375000e-04 3.627920150756835938e-02
1.692225957590408087e+09 5.180835723876953125e-04 4.923224449157714844e-02
1.692225963702384710e+09 1.711845397949218750e-04 2.887582778930664062e-02
1.692225969781920433e+09 3.966808319091796875e-03 7.823801040649414062e-02
1.692225975949646711e+09 5.960464477539062500e-04 9.477210044860839844e-02
1.692225982049076557e+09 5.080699920654296875e-04 3.972077369689941406e-02
1.692225988093684912e+09 5.502700805664062500e-04 4.522228240966796875e-02
1.692225994199510574e+09 5.550384521484375000e-04 4.312682151794433594e-02
1.692226000297185421e+09 3.309249877929687500e-04 5.037856101989746094e-02
1.692226006402291775e+09 2.089023590087890625e-03 7.087182998657226562e-02
1.692226012524805307e+09 5.359649658203125000e-04 4.763507843017578125e-02
1.692226018601575613e+09 3.255605697631835938e-03 3.399276733398437500e-02
1.692226024689193487e+09 5.476474761962890625e-04 1.009814739227294922e-01
1.692226030861279249e+09 4.045009613037109375e-03 9.611582756042480469e-02
1.692226037055925131e+09 8.174896240234375000e-03 8.234214782714843750e-02
1.692226043246212721e+09 8.904933929443359375e-04 5.050325393676757812e-02
1.692226049307247162e+09 5.946159362792968750e-04 5.757641792297363281e-02
1.692226055410546780e+09 2.026557922363281250e-04 7.135581970214843750e-02
1.692226061554840565e+09 1.227855682373046875e-03 7.237720489501953125e-02
1.692226067729541779e+09 9.770393371582031250e-04 4.120516777038574219e-02
1.692226073798323393e+09 1.831054687500000000e-04 8.052349090576171875e-02
1.692226079942400932e+09 9.214878082275390625e-04 3.979611396789550781e-02
