1.692271342764673948e+09 6.434917449951171875e-04 4.831886291503906250e-02
1.692271348913739204e+09 2.238750457763671875e-04 9.970593452453613281e-02
1.692271354964243650e+09 5.433559417724609375e-04 9.156084060668945312e-02
1.692271361257371426e+09 2.958774566650390625e-04 3.629398345947265625e-02
1.692271367199939251e+09 5.955696105957031250e-04 3.924846649169921875e-02
1.692271373405125380e+09 4.415035247802734375e-03 1.082210540771484375e-01
1.692271379503707170e+09 5.877017974853515625e-04 4.354381561279296875e-02
1.692271385509400368e+09 2.121925354003906250e-04 7.957768440246582031e-02
1.692271391544004679e+09 5.247592926025390625e-04 4.281663894653320312e-02
1.692271397708559036e+09 1.850128173828125000e-04 7.132649421691894531e-02
1.692271403759438276e+09 5.233287811279296875e-04 4.200959205627441406e-02
1.692271409808148861e+09 5.073547363281250000e-04 4.528093338012695312e-02
1.692271415911004305e+09 5.130767822265625000e-04 4.553389549255371094e-02
1.692271422111266375e+09 3.240585327148437500e-03 7.952356338500976562e-02
1.692271428352024555e+09 5.736351013183593750e-04 6.541943550109863281e-02
1.692271434431314230e+09 2.644062042236328125e-04 7.285642623901367188e-02
1.692271440439265251e+09 5.428791046142578125e-04 1.081995964050292969e-01
1.692271446574582577e+09 1.912117004394531250e-04 3.441834449768066406e-02
1.692271452497568846e+09 3.217935562133789062e-03 7.423043251037597656e-02
1.692271458644137144e+09 2.467632293701171875e-04 4.815769195556640625e-02
1.692271464811877728e+09 5.612373352050781250e-04 1.104159355163574219e-01
1.692271470976515293e+09 5.517005920410156250e-04 8.267641067504882812e-02
1.692271477048747778e+09 2.171993255615234375e-04 3.734469413757324219e-02
1.692271483205653906e+09 1.795291900634765625e-04 4.141688346862792969e-02
1.692271489309449673e+09 2.722740173339843750e-04 7.283759117126464844e-02
1.692271495236511707e+09 2.412796020507812500e-04 5.276012420654296875e-02
1.692271501216727495e+09 1.916885375976562500e-04 3.264999389648437500e-02
1.692271507295866966e+09 5.192756652832031250e-04 4.365277290344238281e-02
1.692271513308913469e+09 8.361339569091796875e-04 6.468987464904785156e-02
1.692271519333036423e+09 5.469322204589843750e-04 4.500532150268554688e-02
