1.692259990673030376e+09 2.391338348388671875e-04 7.574391365051269531e-02
1.692259996570681095e+09 5.569458007812500000e-04 5.953049659729003906e-02
1.692260002633792877e+09 5.455017089843750000e-04 4.907393455505371094e-02
1.692260008723355532e+09 2.841949462890625000e-04 6.204485893249511719e-02
1.692260014736324787e+09 4.127025604248046875e-04 1.004436016082763672e-01
1.692260020888767958e+09 3.385543823242187500e-04 8.134245872497558594e-02
1.692260027055337667e+09 5.846023559570312500e-04 4.716539382934570312e-02
1.692260033021567345e+09 5.459785461425781250e-04 1.059904098510742188e-01
1.692260039080399990e+09 5.760192871093750000e-04 9.566259384155273438e-02
1.692260045170636892e+09 1.064538955688476562e-03 8.484578132629394531e-02
1.692260051369593382e+09 1.101493835449218750e-03 6.302523612976074219e-02
1.692260057537495375e+09 5.209445953369140625e-04 5.090165138244628906e-02
1.692260063525308847e+09 1.599788665771484375e-03 8.784413337707519531e-02
1.692260069573625088e+09 5.953311920166015625e-04 1.083605289459228516e-01
1.692260075782999277e+09 5.543231964111328125e-04 3.638625144958496094e-02
1.692260082009278536e+09 1.780986785888671875e-04 3.137350082397460938e-02
1.692260088103371859e+09 5.226135253906250000e-04 1.113879680633544922e-01
1.692260094185930014e+09 5.283355712890625000e-04 4.233074188232421875e-02
1.692260100416371584e+09 4.067420959472656250e-04 6.836128234863281250e-02
1.692260106540318012e+09 4.522800445556640625e-04 4.576301574707031250e-02
1.692260112718407393e+09 5.755424499511718750e-04 9.009933471679687500e-02
1.692260119064805269e+09 5.362033843994140625e-04 1.046974658966064453e-01
1.692260125279064894e+09 4.882812500000000000e-04 7.513880729675292969e-02
1.692260131451769590e+09 1.850128173828125000e-04 3.795671463012695312e-02
1.692260137609639168e+09 5.669593811035156250e-04 1.203753948211669922e-01
1.692260143694968939e+09 6.589889526367187500e-04 8.793020248413085938e-02
1.692260149870060444e+09 5.908012390136718750e-04 6.058835983276367188e-02
1.692260155935724974e+09 5.033016204833984375e-04 4.869699478149414062e-02
1.692260162023155928e+09 3.128051757812500000e-04 4.096436500549316406e-02
1.692260168113750935e+09 5.831718444824218750e-04 1.133890151977539062e-01
