1.692216758612845421e+09 6.239414215087890625e-04 1.030790805816650391e-01
1.692216764814659834e+09 2.112388610839843750e-04 6.582546234130859375e-02
1.692216770977052212e+09 2.262592315673828125e-04 5.832338333129882812e-02
1.692216777093909979e+09 5.290508270263671875e-04 1.036357879638671875e-01
1.692216783215377808e+09 1.672267913818359375e-03 3.990197181701660156e-02
1.692216789357670069e+09 4.880428314208984375e-04 1.472663879394531250e-01
1.692216795564585209e+09 1.904964447021484375e-04 7.689881324768066406e-02
1.692216801709968567e+09 2.274513244628906250e-04 3.464913368225097656e-02
1.692216807844658136e+09 5.793571472167968750e-04 1.088061332702636719e-01
1.692216814034640312e+09 1.572847366333007812e-03 4.809284210205078125e-02
1.692216820159577131e+09 8.623600006103515625e-04 8.320498466491699219e-02
1.692216826311104774e+09 2.045631408691406250e-04 5.816841125488281250e-02
1.692216832468143940e+09 5.071163177490234375e-04 4.088807106018066406e-02
1.692216838552021027e+09 5.035400390625000000e-04 5.038475990295410156e-02
1.692216844666289091e+09 5.253553390502929688e-03 1.086127758026123047e-01
1.692216850830383539e+09 1.392126083374023438e-03 6.774258613586425781e-02
1.692216856979433060e+09 4.277229309082031250e-04 7.916927337646484375e-02
1.692216863093204260e+09 2.591609954833984375e-04 1.266086101531982422e-01
1.692216869251856804e+09 5.326271057128906250e-04 7.810592651367187500e-02
1.692216875415715218e+09 5.264282226562500000e-04 1.296420097351074219e-01
1.692216881642346621e+09 4.336833953857421875e-04 4.974293708801269531e-02
1.692216887763819218e+09 1.835823059082031250e-04 8.699750900268554688e-02
1.692216893898904800e+09 5.354881286621093750e-04 8.733034133911132812e-02
1.692216899998952389e+09 5.140304565429687500e-04 4.615402221679687500e-02
1.692216906057655573e+09 2.284049987792968750e-04 4.356074333190917969e-02
1.692216912152809620e+09 5.931854248046875000e-04 1.092665195465087891e-01
1.692216918321555853e+09 2.486705780029296875e-04 4.194211959838867188e-02
1.692216924451797962e+09 6.225109100341796875e-04 8.315563201904296875e-02
1.692216930613821983e+09 2.558231353759765625e-04 4.796290397644042969e-02
1.692216936757579565e+09 2.739429473876953125e-04 5.641913414001464844e-02
