1.692217377177078009e+09 3.232955932617187500e-04 9.340023994445800781e-02
1.692217383275735855e+09 2.048254013061523438e-03 1.657218933105468750e-01
1.692217389544088602e+09 7.741451263427734375e-04 1.530084609985351562e-01
1.692217395729333162e+09 3.149509429931640625e-04 1.222088336944580078e-01
1.692217401907078505e+09 3.685951232910156250e-03 1.673262119293212891e-01
1.692217408157257795e+09 1.593112945556640625e-03 1.390433311462402344e-01
1.692217414318648100e+09 2.553462982177734375e-04 1.271641254425048828e-01
1.692217420501240969e+09 1.439332962036132812e-03 9.430527687072753906e-02
1.692217426682837248e+09 5.205631256103515625e-03 1.399943828582763672e-01
1.692217432921236515e+09 2.689361572265625000e-04 2.041203975677490234e-01
1.692217439177614212e+09 2.448558807373046875e-04 5.988359451293945312e-02
1.692217445333392143e+09 2.579689025878906250e-04 1.900734901428222656e-01
1.692217451567055941e+09 2.992153167724609375e-04 1.961300373077392578e-01
1.692217457770390511e+09 3.411769866943359375e-04 1.463155746459960938e-01
1.692217463920855045e+09 2.579689025878906250e-04 1.539888381958007812e-01
1.692217470128118992e+09 2.360343933105468750e-04 1.558105945587158203e-01
1.692217476330481052e+09 3.917455673217773438e-03 1.302103996276855469e-01
1.692217482518383741e+09 3.089118003845214844e-02 1.664032936096191406e-01
1.692217488795230150e+09 6.461143493652343750e-04 1.259458065032958984e-01
1.692217495008893967e+09 6.728172302246093750e-04 7.305765151977539062e-02
1.692217501152581692e+09 6.804466247558593750e-04 6.500577926635742188e-02
1.692217507247576952e+09 5.028963088989257812e-03 1.702156066894531250e-01
1.692217513451145887e+09 4.577636718750000000e-04 1.341567039489746094e-01
1.692217519614620447e+09 5.388259887695312500e-04 1.730952262878417969e-01
1.692217525854515791e+09 2.658367156982421875e-04 6.571149826049804688e-02
1.692217531940672636e+09 2.777576446533203125e-04 1.290571689605712891e-01
1.692217538105349541e+09 2.353191375732421875e-04 6.270837783813476562e-02
1.692217544236732244e+09 2.524852752685546875e-04 1.566865444183349609e-01
1.692217550432328224e+09 1.042842864990234375e-03 1.595764160156250000e-01
1.692217556652343512e+09 8.275508880615234375e-04 1.416249275207519531e-01
