1.692278777553057909e+09 8.599758148193359375e-04 4.933915138244628906e-01
1.692278784131215811e+09 5.138635635375976562e-03 6.008372306823730469e-01
1.692278790848937750e+09 9.920597076416015625e-04 6.516220569610595703e-01
1.692278797619714499e+09 1.289367675781250000e-03 7.006077766418457031e-01
1.692278804350965738e+09 5.817413330078125000e-04 8.769726753234863281e-01
1.692278811323446989e+09 1.883506774902343750e-03 6.894514560699462891e-01
1.692278818034389973e+09 2.257585525512695312e-03 7.192077636718750000e-01
1.692278824863000393e+09 3.941535949707031250e-03 5.348713397979736328e-01
1.692278831516375065e+09 2.309560775756835938e-03 4.491999149322509766e-01
1.692278837998555660e+09 7.345676422119140625e-04 5.822117328643798828e-01
1.692278844663075209e+09 8.072853088378906250e-04 4.110248088836669922e-01
1.692278851162651777e+09 1.234054565429687500e-03 4.038493633270263672e-01
1.692278857663579226e+09 1.219987869262695312e-03 4.140777587890625000e-01
1.692278864111844063e+09 6.511211395263671875e-04 5.193283557891845703e-01
1.692278870710103750e+09 1.006603240966796875e-03 3.092606067657470703e-01
1.692278877044448376e+09 8.893013000488281250e-04 5.326714515686035156e-01
1.692278883701169968e+09 7.338523864746093750e-04 4.342067241668701172e-01
1.692278890195905924e+09 6.935596466064453125e-04 5.591704845428466797e-01
1.692278896812370539e+09 8.351802825927734375e-04 5.276842117309570312e-01
1.692278903406487703e+09 6.532669067382812500e-04 3.966274261474609375e-01
1.692278909840119362e+09 5.888938903808593750e-04 4.144201278686523438e-01
1.692278916381692648e+09 1.114130020141601562e-03 3.401718139648437500e-01
1.692278922785671473e+09 9.879589080810546875e-03 3.688738346099853516e-01
1.692278929216293573e+09 1.461267471313476562e-03 5.066962242126464844e-01
1.692278935748280287e+09 4.239082336425781250e-04 4.198932647705078125e-01
1.692278942255822420e+09 1.370191574096679688e-03 3.434965610504150391e-01
1.692278948693628550e+09 1.178288459777832031e-02 5.193419456481933594e-01
1.692278955272297621e+09 9.999275207519531250e-04 3.921549320220947266e-01
1.692278961729225159e+09 8.234977722167968750e-04 5.771820545196533203e-01
1.692278968330293417e+09 6.892681121826171875e-04 4.222447872161865234e-01
