1.692194418327937841e+09 1.023650169372558594e-02 1.380338668823242188e-01
1.692194424551472664e+09 2.601146697998046875e-04 4.862523078918457031e-02
1.692194430651880503e+09 4.184246063232421875e-04 2.527091503143310547e-01
1.692194436981476068e+09 2.651214599609375000e-04 6.379199028015136719e-02
1.692194443067230225e+09 1.937150955200195312e-03 1.455183029174804688e-01
1.692194449254541636e+09 7.462501525878906250e-04 2.130985260009765625e-01
1.692194455522010803e+09 2.219676971435546875e-04 1.280899047851562500e-01
1.692194461735095024e+09 1.050949096679687500e-03 1.879210472106933594e-01
1.692194467995910168e+09 3.582715988159179688e-03 2.174365520477294922e-01
1.692194474233193398e+09 2.291202545166015625e-04 1.131625175476074219e-01
1.692194480416401625e+09 3.449916839599609375e-04 1.138455867767333984e-01
1.692194486617618322e+09 4.030466079711914062e-03 1.563231945037841797e-01
1.692194492871140242e+09 2.582073211669921875e-04 1.131293773651123047e-01
1.692194499016690254e+09 2.646446228027343750e-04 1.482310295104980469e-01
1.692194505264385939e+09 2.236366271972656250e-04 1.406495571136474609e-01
1.692194511446470022e+09 2.508163452148437500e-04 1.660697460174560547e-01
1.692194517670079947e+09 4.496574401855468750e-03 1.216228008270263672e-01
1.692194523844840527e+09 8.864879608154296875e-03 1.389083862304687500e-01
1.692194530053279161e+09 9.346008300781250000e-04 1.540732383728027344e-01
1.692194536265498877e+09 3.519058227539062500e-04 1.147627830505371094e-01
1.692194542418878555e+09 8.347034454345703125e-04 1.127238273620605469e-01
1.692194548623712063e+09 2.572536468505859375e-04 1.201627254486083984e-01
1.692194554823405266e+09 2.560615539550781250e-04 2.084355354309082031e-01
1.692194561111741066e+09 5.097389221191406250e-04 1.624720096588134766e-01
1.692194567370737076e+09 3.333091735839843750e-04 6.191205978393554688e-02
1.692194573474674225e+09 5.185604095458984375e-04 2.396769523620605469e-01
1.692194579767209053e+09 2.429485321044921875e-04 1.812849044799804688e-01
1.692194585984610796e+09 4.155635833740234375e-04 1.633241176605224609e-01
1.692194592171793699e+09 2.992153167724609375e-04 1.336688995361328125e-01
1.692194598351222038e+09 2.439022064208984375e-04 1.330921649932861328e-01
