1.692198520135827065e+09 3.216266632080078125e-04 6.090116500854492188e-02
1.692198526299216270e+09 2.620220184326171875e-04 8.727598190307617188e-02
1.692198532422940016e+09 2.431869506835937500e-04 1.762824058532714844e-01
1.692198538610329866e+09 2.541542053222656250e-04 5.491566658020019531e-02
1.692198544689250231e+09 6.977081298828125000e-03 1.608741283416748047e-01
1.692198550911026239e+09 9.360313415527343750e-04 1.707112789154052734e-01
1.692198557112411261e+09 3.216266632080078125e-04 1.290850639343261719e-01
1.692198563264315844e+09 2.613067626953125000e-04 4.967045783996582031e-02
1.692198569386215687e+09 9.863376617431640625e-04 2.408933639526367188e-01
1.692198575683563471e+09 4.060506820678710938e-03 7.163929939270019531e-02
1.692198581810060024e+09 1.563787460327148438e-03 1.567533016204833984e-01
1.692198588009707212e+09 4.109859466552734375e-03 1.789960861206054688e-01
1.692198594226846933e+09 8.583068847656250000e-04 1.921334266662597656e-01
1.692198600443620682e+09 4.991531372070312500e-03 1.477262973785400391e-01
1.692198606694864273e+09 5.443811416625976562e-03 1.321392059326171875e-01
1.692198612874184847e+09 1.835107803344726562e-03 1.163628101348876953e-01
1.692198619053466082e+09 2.901554107666015625e-04 1.249623298645019531e-01
1.692198625259991407e+09 2.393722534179687500e-04 1.917026042938232422e-01
1.692198631526054859e+09 9.555816650390625000e-04 8.190417289733886719e-02
1.692198637621817827e+09 2.717971801757812500e-04 2.364516258239746094e-01
1.692198643873555660e+09 5.497932434082031250e-04 8.150911331176757812e-02
1.692198650016052246e+09 5.164146423339843750e-04 7.619547843933105469e-02
1.692198656119985819e+09 4.394054412841796875e-04 1.363406181335449219e-01
1.692198662272542953e+09 9.961128234863281250e-04 1.077489852905273438e-01
1.692198668459891796e+09 4.808902740478515625e-04 7.771253585815429688e-02
1.692198674612218380e+09 8.254051208496093750e-04 9.057831764221191406e-02
1.692198680730870247e+09 3.407001495361328125e-04 1.206011772155761719e-01
1.692198686855914831e+09 5.894184112548828125e-03 9.877300262451171875e-02
1.692198693042856455e+09 6.675720214843750000e-04 8.638238906860351562e-02
1.692198699224767447e+09 5.364418029785156250e-04 2.474930286407470703e-01
