1.692216430504887104e+09 3.743171691894531250e-04 9.914255142211914062e-02
1.692216436683893919e+09 5.857944488525390625e-04 1.503605842590332031e-01
1.692216442870119572e+09 8.006095886230468750e-04 1.672201156616210938e-01
1.692216449056957483e+09 3.161430358886718750e-04 1.199615001678466797e-01
1.692216455205821991e+09 5.922079086303710938e-03 1.491677761077880859e-01
1.692216461454879999e+09 2.405643463134765625e-04 1.528465747833251953e-01
1.692216467638049126e+09 6.737709045410156250e-04 1.014637947082519531e-01
1.692216473801610470e+09 4.000663757324218750e-04 1.154716014862060547e-01
1.692216480000749826e+09 3.523826599121093750e-04 7.299828529357910156e-02
1.692216486159244537e+09 3.931522369384765625e-04 1.857886314392089844e-01
1.692216492370194674e+09 2.663135528564453125e-04 5.641770362854003906e-02
1.692216498440525293e+09 3.042221069335937500e-04 1.210327148437500000e-01
1.692216504606012344e+09 2.601146697998046875e-04 1.877007484436035156e-01
1.692216510872820377e+09 2.034664154052734375e-03 1.523735523223876953e-01
1.692216517058819294e+09 4.813671112060546875e-04 1.192662715911865234e-01
1.692216523207454681e+09 2.472400665283203125e-04 1.604890823364257812e-01
1.692216529444427729e+09 2.522468566894531250e-04 9.429001808166503906e-02
1.692216535578584671e+09 2.505779266357421875e-04 2.171132564544677734e-01
1.692216541800861359e+09 2.653598785400390625e-04 1.156244277954101562e-01
1.692216547999461889e+09 2.498626708984375000e-04 4.819965362548828125e-02
1.692216554133186340e+09 2.582073211669921875e-04 1.497852802276611328e-01
1.692216560333880663e+09 2.911090850830078125e-04 8.846521377563476562e-02
1.692216566487362146e+09 3.592967987060546875e-04 7.395005226135253906e-02
1.692216572664028406e+09 2.501010894775390625e-04 1.247806549072265625e-01
1.692216578809496880e+09 3.619194030761718750e-04 2.598283290863037109e-01
1.692216585145298719e+09 4.107952117919921875e-04 3.019762039184570312e-01
1.692216591490414619e+09 2.596378326416015625e-04 8.375358581542968750e-02
1.692216597667866230e+09 4.951953887939453125e-04 1.606328487396240234e-01
1.692216603856215954e+09 1.034355163574218750e-02 1.409478187561035156e-01
1.692216610035788298e+09 2.651214599609375000e-04 1.606388092041015625e-01
