1.692222740887676716e+09 5.528926849365234375e-04 1.234679222106933594e-01
1.692222747111040115e+09 2.613067626953125000e-04 1.105053424835205078e-01
1.692222753298626184e+09 2.205371856689453125e-04 1.138708591461181641e-01
1.692222759504688978e+09 2.982616424560546875e-04 2.122535705566406250e-01
1.692222765799419641e+09 7.119178771972656250e-04 1.072599887847900391e-01
1.692222771998571873e+09 1.233339309692382812e-03 2.022340297698974609e-01
1.692222778294195890e+09 5.919933319091796875e-04 1.662714481353759766e-01
1.692222784555557966e+09 4.551410675048828125e-04 1.561260223388671875e-01
1.692222790758042812e+09 4.858970642089843750e-04 1.122055053710937500e-01
1.692222796903005123e+09 2.970695495605468750e-04 6.961083412170410156e-02
1.692222803060369015e+09 2.596378326416015625e-04 1.263551712036132812e-01
1.692222809214360237e+09 1.869440078735351562e-03 1.252665519714355469e-01
1.692222815416513205e+09 4.837512969970703125e-04 1.268868446350097656e-01
1.692222821630866528e+09 8.490085601806640625e-04 1.451313495635986328e-01
1.692222827833487988e+09 2.398490905761718750e-04 6.652140617370605469e-02
1.692222833971623421e+09 3.390312194824218750e-04 1.180584430694580078e-01
1.692222840105889320e+09 7.278919219970703125e-04 1.230347156524658203e-01
1.692222846310635567e+09 9.360313415527343750e-04 2.431437969207763672e-01
1.692222852656255722e+09 2.434253692626953125e-04 1.058468818664550781e-01
1.692222858799109936e+09 7.083415985107421875e-04 6.077623367309570312e-02
1.692222864947905302e+09 2.491474151611328125e-04 1.391370296478271484e-01
1.692222871125402212e+09 2.524852752685546875e-04 1.146469116210937500e-01
1.692222877302287817e+09 2.343654632568359375e-04 8.694839477539062500e-02
1.692222883473456860e+09 3.092288970947265625e-04 2.028343677520751953e-01
1.692222889690060616e+09 6.418228149414062500e-04 1.522445678710937500e-01
1.692222895957675695e+09 2.374649047851562500e-04 1.290917396545410156e-01
1.692222902115618944e+09 4.317760467529296875e-04 1.506371498107910156e-01
1.692222908343917131e+09 4.220008850097656250e-04 1.624321937561035156e-01
1.692222914564761400e+09 2.725124359130859375e-04 5.365109443664550781e-02
1.692222920641950607e+09 2.243518829345703125e-04 1.514108180999755859e-01
