1.692218650567142248e+09 6.709098815917968750e-04 5.043339729309082031e-02
1.692218656718813419e+09 5.414485931396484375e-04 5.314946174621582031e-02
1.692218662820081949e+09 1.780986785888671875e-04 3.708791732788085938e-02
1.692218668903000116e+09 1.781702041625976562e-03 7.951998710632324219e-02
1.692218675046535015e+09 6.282329559326171875e-04 8.988308906555175781e-02
1.692218681158594370e+09 5.197525024414062500e-04 5.324649810791015625e-02
1.692218687221257925e+09 1.833438873291015625e-04 3.772163391113281250e-02
1.692218693303662062e+09 2.818107604980468750e-04 4.943799972534179688e-02
1.692218699415942430e+09 3.817081451416015625e-04 7.960033416748046875e-02
1.692218705545770168e+09 2.038478851318359375e-04 8.271408081054687500e-02
1.692218711662441492e+09 3.652572631835937500e-04 9.204816818237304688e-02
1.692218717775248289e+09 2.224445343017578125e-04 4.880428314208984375e-02
1.692218723914860487e+09 1.833438873291015625e-04 8.143997192382812500e-02
1.692218730075879097e+09 1.041412353515625000e-03 8.186650276184082031e-02
1.692218736252295256e+09 5.543231964111328125e-04 1.139099597930908203e-01
1.692218742382100105e+09 8.063316345214843750e-04 7.028865814208984375e-02
1.692218748539581060e+09 5.025863647460937500e-04 7.965874671936035156e-02
1.692218754648086071e+09 5.700588226318359375e-04 1.080183982849121094e-01
1.692218760776495695e+09 2.005100250244140625e-04 9.677815437316894531e-02
1.692218766983564377e+09 2.670288085937500000e-04 9.443211555480957031e-02
1.692218773161711693e+09 6.213188171386718750e-04 1.343061923980712891e-01
1.692218779302770138e+09 1.721382141113281250e-04 5.764126777648925781e-02
1.692218785425229788e+09 5.497932434082031250e-04 1.163301467895507812e-01
1.692218791584878206e+09 4.394054412841796875e-04 1.068954467773437500e-01
1.692218797773343325e+09 2.872943878173828125e-04 5.251479148864746094e-02
1.692218803920609236e+09 5.457401275634765625e-04 1.174640655517578125e-01
1.692218810085771799e+09 1.854896545410156250e-04 8.998179435729980469e-02
1.692218816260448456e+09 5.495548248291015625e-04 1.130518913269042969e-01
1.692218822381772995e+09 7.003545761108398438e-03 8.389830589294433594e-02
1.692218828570685387e+09 1.885890960693359375e-04 3.899002075195312500e-02
