1.692201359894367933e+09 4.086494445800781250e-04 1.405940055847167969e-01
1.692201366135521650e+09 1.084804534912109375e-03 1.867158412933349609e-01
1.692201372391025543e+09 1.449346542358398438e-03 1.669118404388427734e-01
1.692201378569091797e+09 2.684593200683593750e-04 6.492757797241210938e-02
1.692201384658764839e+09 2.412796020507812500e-04 1.315433979034423828e-01
1.692201390825458050e+09 3.762245178222656250e-04 9.811949729919433594e-02
1.692201396998140574e+09 2.856254577636718750e-04 1.930809020996093750e-01
1.692201403287703991e+09 2.952337265014648438e-03 1.380777359008789062e-01
1.692201409449080944e+09 4.222393035888671875e-04 1.739509105682373047e-01
1.692201415668722391e+09 2.527236938476562500e-04 1.363494396209716797e-01
1.692201421838365793e+09 2.467632293701171875e-04 1.273043155670166016e-01
1.692201428022619724e+09 2.462863922119140625e-04 2.139348983764648438e-01
1.692201434308066130e+09 7.100105285644531250e-04 1.440937519073486328e-01
1.692201440561354637e+09 2.598762512207031250e-04 1.404078006744384766e-01
1.692201446734708309e+09 2.303123474121093750e-04 1.267333030700683594e-01
1.692201452924795866e+09 2.329349517822265625e-04 1.526174545288085938e-01
1.692201459150540590e+09 7.379055023193359375e-04 1.973588466644287109e-01
1.692201465401713610e+09 7.047653198242187500e-04 2.195951938629150391e-01
1.692201471717769861e+09 2.429485321044921875e-04 1.318325996398925781e-01
1.692201477930464506e+09 2.825260162353515625e-04 3.120326995849609375e-01
1.692201484306684732e+09 7.233619689941406250e-04 2.769513130187988281e-01
1.692201490675411940e+09 3.447532653808593750e-04 2.013652324676513672e-01
1.692201496895959854e+09 2.417564392089843750e-04 2.135403156280517578e-01
1.692201503226334572e+09 3.480911254882812500e-04 2.611393928527832031e-01
1.692201509559509039e+09 2.949237823486328125e-04 1.364479064941406250e-01
1.692201515730679512e+09 2.849102020263671875e-04 1.334319114685058594e-01
1.692201521928371429e+09 3.790855407714843750e-04 1.053586006164550781e-01
1.692201528100280523e+09 1.059055328369140625e-03 1.730413436889648438e-01
1.692201534369035244e+09 9.191036224365234375e-04 1.579787731170654297e-01
1.692201540558498383e+09 2.911090850830078125e-04 1.250779628753662109e-01
