1.692271027215384483e+09 6.084442138671875000e-04 4.554820060729980469e-02
1.692271033243021250e+09 1.943111419677734375e-04 7.616114616394042969e-02
1.692271039389878511e+09 5.381107330322265625e-04 1.283345222473144531e-01
1.692271045525317430e+09 1.078367233276367188e-03 8.911895751953125000e-02
1.692271051707296371e+09 5.252361297607421875e-04 3.945183753967285156e-02
1.692271057736852407e+09 1.754760742187500000e-04 3.739404678344726562e-02
1.692271063832791328e+09 5.342960357666015625e-04 4.266977310180664062e-02
1.692271070040167570e+09 2.114772796630859375e-04 8.483481407165527344e-02
1.692271076097163200e+09 2.567768096923828125e-04 5.887651443481445312e-02
1.692271082256492376e+09 4.942417144775390625e-04 4.838824272155761719e-02
1.692271088545393705e+09 5.214214324951171875e-04 1.096539497375488281e-01
1.692271094628320932e+09 8.084774017333984375e-04 4.692697525024414062e-02
1.692271100646650791e+09 7.081031799316406250e-04 4.429101943969726562e-02
1.692271106843168259e+09 7.951259613037109375e-04 4.296517372131347656e-02
1.692271112942654848e+09 1.938343048095703125e-04 7.754182815551757812e-02
1.692271119074165344e+09 8.158683776855468750e-04 4.882645606994628906e-02
1.692271125348515272e+09 2.050399780273437500e-04 9.274387359619140625e-02
1.692271131396821737e+09 6.322860717773437500e-04 1.055271625518798828e-01
1.692271137513055086e+09 5.302429199218750000e-04 1.031820774078369141e-01
1.692271143600205421e+09 1.842975616455078125e-04 3.243279457092285156e-02
1.692271149527268171e+09 5.311965942382812500e-04 4.641795158386230469e-02
1.692271155543161631e+09 2.961158752441406250e-04 5.101180076599121094e-02
1.692271161647084475e+09 6.020069122314453125e-04 5.307149887084960938e-02
1.692271167650416613e+09 4.336833953857421875e-04 4.291868209838867188e-02
1.692271173739900827e+09 1.790523529052734375e-04 6.722521781921386719e-02
1.692271179866381168e+09 3.199577331542968750e-04 3.957891464233398438e-02
1.692271186035189867e+09 5.408763885498046875e-03 6.709384918212890625e-02
1.692271192167807579e+09 5.531311035156250000e-04 4.180383682250976562e-02
1.692271198239542961e+09 4.975795745849609375e-04 4.485321044921875000e-02
1.692271204341873169e+09 1.726150512695312500e-04 5.149078369140625000e-02
