1.692266612926075935e+09 6.656646728515625000e-04 1.073906421661376953e-01
1.692266619132611036e+09 2.019405364990234375e-04 8.557963371276855469e-02
1.692266625317914724e+09 3.932237625122070312e-03 8.409810066223144531e-02
1.692266631511989355e+09 5.369186401367187500e-04 4.589247703552246094e-02
1.692266637770056009e+09 5.540847778320312500e-04 5.203890800476074219e-02
1.692266644076973438e+09 1.804828643798828125e-04 3.754639625549316406e-02
1.692266650159993410e+09 5.428791046142578125e-04 5.275774002075195312e-02
1.692266656177947760e+09 9.644031524658203125e-04 9.632802009582519531e-02
1.692266662235854864e+09 1.319575309753417969e-02 7.699108123779296875e-02
1.692266668619687080e+09 5.402565002441406250e-04 4.858279228210449219e-02
1.692266674872853518e+09 3.561973571777343750e-04 4.308485984802246094e-02
1.692266680966615677e+09 5.192756652832031250e-04 6.545662879943847656e-02
1.692266686990036964e+09 5.366802215576171875e-04 5.009222030639648438e-02
1.692266693074956894e+09 1.692771911621093750e-04 3.759670257568359375e-02
1.692266699360276699e+09 2.024173736572265625e-04 8.084869384765625000e-02
1.692266705529708385e+09 8.904933929443359375e-04 4.956603050231933594e-02
1.692266711577140093e+09 5.030632019042968750e-04 9.925055503845214844e-02
1.692266717824247599e+09 5.328655242919921875e-04 1.088051795959472656e-01
1.692266724034118891e+09 9.200572967529296875e-04 4.624748229980468750e-02
1.692266730073423624e+09 5.120277404785156250e-03 8.931303024291992188e-02
1.692266736231217623e+09 5.662441253662109375e-04 4.055762290954589844e-02
1.692266742264937639e+09 5.486011505126953125e-04 4.157853126525878906e-02
1.692266748367158175e+09 5.440711975097656250e-04 9.801506996154785156e-02
1.692266754424957991e+09 2.410411834716796875e-04 3.729891777038574219e-02
1.692266760461245060e+09 5.159378051757812500e-04 4.880237579345703125e-02
1.692266766474000454e+09 5.283355712890625000e-04 4.894137382507324219e-02
1.692266772673984051e+09 5.514621734619140625e-04 8.116722106933593750e-02
1.692266778905684471e+09 1.330375671386718750e-03 9.361338615417480469e-02
1.692266784929322958e+09 5.588531494140625000e-04 5.142974853515625000e-02
1.692266791176062107e+09 5.364418029785156250e-04 8.737039566040039062e-02
