1.692214537555839777e+09 3.087520599365234375e-04 1.832184791564941406e-01
1.692214543838498592e+09 3.185272216796875000e-04 1.234564781188964844e-01
1.692214549980617762e+09 4.429817199707031250e-04 1.530563831329345703e-01
1.692214556211081505e+09 5.605220794677734375e-04 2.606916427612304688e-01
1.692214562517864943e+09 2.686977386474609375e-04 1.898784637451171875e-01
1.692214568745152712e+09 2.820491790771484375e-04 9.577870368957519531e-02
1.692214574851620436e+09 4.386425018310546875e-03 1.049950122833251953e-01
1.692214580977053404e+09 6.353855133056640625e-04 1.630878448486328125e-01
1.692214587223515272e+09 2.524852752685546875e-04 1.219182014465332031e-01
1.692214593378438473e+09 2.694129943847656250e-04 1.315896511077880859e-01
1.692214599595086098e+09 4.125833511352539062e-03 3.099477291107177734e-01
1.692214605985845327e+09 2.388954162597656250e-04 1.756579875946044922e-01
1.692214612231071234e+09 7.317066192626953125e-04 2.660679817199707031e-01
1.692214618526699066e+09 3.685951232910156250e-04 1.760227680206298828e-01
1.692214624737818241e+09 3.228187561035156250e-04 8.937120437622070312e-02
1.692214630850900412e+09 5.154609680175781250e-04 1.065852642059326172e-01
1.692214636981373072e+09 3.297328948974609375e-04 1.791331768035888672e-01
1.692214643243075132e+09 4.658699035644531250e-04 2.052690982818603516e-01
1.692214649470580101e+09 2.455711364746093750e-04 1.711862087249755859e-01
1.692214655726194382e+09 2.887248992919921875e-04 1.567952632904052734e-01
1.692214661919984341e+09 8.225440979003906250e-04 1.685588359832763672e-01
1.692214668126969814e+09 6.742477416992187500e-04 1.630558967590332031e-01
1.692214674321010590e+09 3.299713134765625000e-04 2.525317668914794922e-01
1.692214680616182804e+09 2.396106719970703125e-04 1.664400100708007812e-01
1.692214686823792934e+09 2.598762512207031250e-04 1.357407569885253906e-01
1.692214692991991043e+09 6.315708160400390625e-04 6.213140487670898438e-02
1.692214699121335506e+09 2.350807189941406250e-04 1.136724948883056641e-01
1.692214705269354582e+09 2.608299255371093750e-04 1.272206306457519531e-01
1.692214711487605095e+09 3.445148468017578125e-04 1.298067569732666016e-01
1.692214717689188242e+09 2.541542053222656250e-04 1.329472064971923828e-01
