1.692214852876590014e+09 3.972053527832031250e-04 1.197409629821777344e-01
1.692214859088046312e+09 3.051757812500000000e-04 1.829741001129150391e-01
1.692214865352700710e+09 2.479553222656250000e-04 1.267950534820556641e-01
1.692214871494287491e+09 1.284837722778320312e-03 1.021466255187988281e-01
1.692214877678104162e+09 2.930164337158203125e-04 8.957648277282714844e-02
1.692214883857925415e+09 8.282661437988281250e-04 2.357676029205322266e-01
1.692214890111584663e+09 2.696514129638671875e-04 6.761026382446289062e-02
1.692214896235641003e+09 2.534389495849609375e-04 1.210441589355468750e-01
1.692214902394957542e+09 4.112720489501953125e-04 1.533231735229492188e-01
1.692214908634600401e+09 2.365112304687500000e-04 1.128726005554199219e-01
1.692214914782521963e+09 9.322166442871093750e-04 1.075677871704101562e-01
1.692214920981398106e+09 2.990961074829101562e-03 1.350102424621582031e-01
1.692214927207179308e+09 3.798007965087890625e-04 2.191746234893798828e-01
1.692214933487735748e+09 5.729198455810546875e-04 1.003978252410888672e-01
1.692214939683005333e+09 6.997585296630859375e-04 1.494669914245605469e-01
1.692214945918862104e+09 2.396106719970703125e-04 1.242597103118896484e-01
1.692214952091607571e+09 2.965927124023437500e-04 1.532363891601562500e-01
1.692214958326990843e+09 3.113746643066406250e-04 1.217832565307617188e-01
1.692214964492159843e+09 5.967617034912109375e-04 8.627939224243164062e-02
1.692214970661556005e+09 2.441406250000000000e-04 1.498050689697265625e-01
1.692214976819189072e+09 4.160404205322265625e-04 1.251916885375976562e-01
1.692214983013382435e+09 3.080368041992187500e-04 6.126356124877929688e-02
1.692214989129962206e+09 2.355575561523437500e-04 1.099245548248291016e-01
1.692214995279661179e+09 1.144766807556152344e-02 1.581931114196777344e-01
1.692215001540742636e+09 5.123615264892578125e-04 1.499578952789306641e-01
1.692215007730129480e+09 2.355575561523437500e-04 1.174578666687011719e-01
1.692215013891756296e+09 7.307529449462890625e-04 1.303555965423583984e-01
1.692215020104664087e+09 5.617141723632812500e-04 8.825969696044921875e-02
1.692215026281661749e+09 1.402378082275390625e-03 2.217166423797607422e-01
1.692215032604014397e+09 3.950595855712890625e-04 1.936068534851074219e-01
