1.692265887394198179e+09 4.868507385253906250e-04 1.954593658447265625e-01
1.692265893590730906e+09 3.893375396728515625e-04 1.460704803466796875e-01
1.692265899744091034e+09 2.908706665039062500e-04 1.596534252166748047e-01
1.692265905861079931e+09 2.701282501220703125e-04 1.298577785491943359e-01
1.692265912031478405e+09 2.942085266113281250e-04 2.107858657836914062e-01
1.692265918405719280e+09 4.873275756835937500e-04 2.490658760070800781e-01
1.692265924755756140e+09 4.208087921142578125e-04 6.623268127441406250e-02
1.692265930962797642e+09 2.041816711425781250e-03 1.577146053314208984e-01
1.692265937263358355e+09 2.913475036621093750e-04 1.152248382568359375e-01
1.692265943409437895e+09 2.796649932861328125e-04 1.545770168304443359e-01
1.692265949549154282e+09 7.834434509277343750e-04 1.470904350280761719e-01
1.692265955748148918e+09 7.431507110595703125e-04 2.539713382720947266e-01
1.692265962051344633e+09 6.699562072753906250e-04 1.653311252593994141e-01
1.692265968480375528e+09 2.803802490234375000e-04 2.904543876647949219e-01
1.692265974585142612e+09 4.026889801025390625e-04 1.546168327331542969e-01
1.692265980850955486e+09 3.647804260253906250e-04 1.235809326171875000e-01
1.692265986919910192e+09 1.161575317382812500e-03 1.172831058502197266e-01
1.692265993020475388e+09 6.532669067382812500e-04 1.700024604797363281e-01
1.692265999266096830e+09 9.746551513671875000e-04 1.610605716705322266e-01
1.692266005382217646e+09 3.376007080078125000e-04 1.086134910583496094e-01
1.692266011504019976e+09 9.539127349853515625e-04 1.025314331054687500e-01
1.692266017809334993e+09 6.482601165771484375e-04 1.614315509796142578e-01
1.692266023962750196e+09 5.714893341064453125e-04 1.736164093017578125e-01
1.692266030369424820e+09 5.540847778320312500e-04 1.734459400177001953e-01
1.692266036482749939e+09 2.896785736083984375e-04 1.190249919891357422e-01
1.692266042613037348e+09 4.057884216308593750e-04 2.461481094360351562e-01
1.692266049046429396e+09 5.781650543212890625e-04 1.510524749755859375e-01
1.692266055149341345e+09 4.684925079345703125e-04 1.740219593048095703e-01
1.692266061276223421e+09 2.696514129638671875e-04 1.747705936431884766e-01
1.692266067568614244e+09 3.290176391601562500e-04 9.143733978271484375e-02
