1.692223056283678055e+09 3.268718719482421875e-04 1.348538398742675781e-01
1.692223062519343138e+09 2.441406250000000000e-04 9.634423255920410156e-02
1.692223068678044081e+09 2.624988555908203125e-04 2.069983482360839844e-01
1.692223074902343273e+09 7.824897766113281250e-04 1.202785968780517578e-01
1.692223081102434397e+09 2.920627593994140625e-04 4.935479164123535156e-02
1.692223087230414629e+09 2.341270446777343750e-04 1.714138984680175781e-01
1.692223093454872131e+09 6.418228149414062500e-04 9.111213684082031250e-02
1.692223099574115753e+09 2.806186676025390625e-04 1.437296867370605469e-01
1.692223105725627899e+09 2.450942993164062500e-04 1.092655658721923828e-01
1.692223111896494150e+09 8.599758148193359375e-04 1.352112293243408203e-01
1.692223118121159315e+09 2.369880676269531250e-04 8.602714538574218750e-02
1.692223124286648273e+09 2.896785736083984375e-04 1.064851284027099609e-01
1.692223130490910769e+09 2.913475036621093750e-04 8.068275451660156250e-02
1.692223136661588192e+09 2.539157867431640625e-04 1.467177867889404297e-01
1.692223142827191591e+09 3.747940063476562500e-04 1.450095176696777344e-01
1.692223149047720909e+09 8.549690246582031250e-04 2.331397533416748047e-01
1.692223155324236393e+09 2.536773681640625000e-04 4.751205444335937500e-02
1.692223161428049326e+09 2.403259277343750000e-04 1.071898937225341797e-01
1.692223167587755203e+09 2.610683441162109375e-04 1.982276439666748047e-01
1.692223173878489256e+09 2.887248992919921875e-04 4.823517799377441406e-02
1.692223180028678894e+09 4.563331604003906250e-04 7.045221328735351562e-02
1.692223186151017189e+09 3.792524337768554688e-03 6.729412078857421875e-02
1.692223192254683018e+09 5.340576171875000000e-04 8.634185791015625000e-02
1.692223198368309975e+09 4.878044128417968750e-04 1.468272209167480469e-01
1.692223204532501459e+09 1.320123672485351562e-03 1.224749088287353516e-01
1.692223210711760283e+09 1.117944717407226562e-03 6.377959251403808594e-02
1.692223216850888252e+09 2.470016479492187500e-04 1.241354942321777344e-01
1.692223223006027460e+09 2.245903015136718750e-04 1.339955329895019531e-01
1.692223229213978767e+09 9.956359863281250000e-04 9.323072433471679688e-02
1.692223235382502317e+09 2.665519714355468750e-04 1.385362148284912109e-01
