1.692259045035842657e+09 6.036758422851562500e-04 4.350566864013671875e-02
1.692259050981730700e+09 1.950263977050781250e-04 5.362725257873535156e-02
1.692259056890512705e+09 5.927085876464843750e-04 4.436492919921875000e-02
1.692259063183255434e+09 5.409717559814453125e-04 4.729151725769042969e-02
1.692259069485836029e+09 2.925395965576171875e-04 1.014137268066406250e-01
1.692259075859485388e+09 5.433559417724609375e-04 5.878162384033203125e-02
1.692259082096914768e+09 4.961490631103515625e-04 8.541345596313476562e-02
1.692259088324015617e+09 1.821517944335937500e-04 4.802465438842773438e-02
1.692259094300399303e+09 5.359649658203125000e-04 1.117842197418212891e-01
1.692259100650779247e+09 5.276203155517578125e-04 4.648494720458984375e-02
1.692259106684814215e+09 5.104541778564453125e-04 3.979444503784179688e-02
1.692259112678739786e+09 5.536079406738281250e-04 4.211306571960449219e-02
1.692259118780611038e+09 4.982948303222656250e-04 1.033504009246826172e-01
1.692259124842110872e+09 1.909732818603515625e-04 8.431124687194824219e-02
1.692259131039629221e+09 5.819797515869140625e-04 4.373240470886230469e-02
1.692259137082614422e+09 7.619857788085937500e-04 4.174113273620605469e-02
1.692259143181830883e+09 2.775192260742187500e-04 3.645563125610351562e-02
1.692259149273866892e+09 5.590915679931640625e-04 4.293823242187500000e-02
1.692259155481474400e+09 5.671977996826171875e-04 3.980946540832519531e-02
1.692259161478833675e+09 4.341602325439453125e-04 5.299735069274902344e-02
1.692259167592981100e+09 1.236677169799804688e-03 9.351158142089843750e-02
1.692259173751621246e+09 2.541542053222656250e-04 3.566813468933105469e-02
1.692259179674935818e+09 1.785755157470703125e-04 3.683066368103027344e-02
1.692259185673472881e+09 5.564689636230468750e-04 1.055011749267578125e-01
1.692259191844481707e+09 2.648830413818359375e-04 4.769992828369140625e-02
1.692259198086004257e+09 5.455017089843750000e-04 1.153259277343750000e-01
1.692259204263357401e+09 5.321502685546875000e-04 4.910826683044433594e-02
1.692259210287703514e+09 5.176067352294921875e-04 1.062018871307373047e-01
1.692259216554151773e+09 5.285739898681640625e-04 7.309770584106445312e-02
1.692259222612036228e+09 5.047321319580078125e-04 4.220461845397949219e-02
