1.692210767517104864e+09 9.915828704833984375e-04 3.850436210632324219e-02
1.692210773647714615e+09 5.722045898437500000e-04 4.040312767028808594e-02
1.692210779747343063e+09 2.834796905517578125e-04 5.108094215393066406e-02
1.692210785855541229e+09 5.698204040527343750e-04 9.991955757141113281e-02
1.692210792007495165e+09 1.688003540039062500e-04 5.709576606750488281e-02
1.692210798161406279e+09 4.992485046386718750e-04 9.915351867675781250e-02
1.692210804313994408e+09 5.328655242919921875e-04 1.014251708984375000e-01
1.692210810509199142e+09 6.418228149414062500e-04 7.029151916503906250e-02
1.692210816678245544e+09 5.807876586914062500e-04 1.102523803710937500e-01
1.692210822816711187e+09 2.117156982421875000e-04 5.102443695068359375e-02
1.692210828955999136e+09 6.251335144042968750e-04 1.027402877807617188e-01
1.692210835111243725e+09 3.902435302734375000e-03 8.401370048522949219e-02
1.692210841311511517e+09 3.931283950805664062e-03 7.263112068176269531e-02
1.692210847484704971e+09 4.231691360473632812e-03 8.241009712219238281e-02
1.692210853604744673e+09 1.697540283203125000e-03 6.121373176574707031e-02
1.692210859769486666e+09 5.004405975341796875e-04 4.290056228637695312e-02
1.692210865849761486e+09 2.624988555908203125e-04 5.559563636779785156e-02
1.692210871960428715e+09 4.963874816894531250e-04 4.142570495605468750e-02
1.692210878048144817e+09 4.997253417968750000e-04 3.878045082092285156e-02
1.692210884145657301e+09 2.174377441406250000e-04 6.119656562805175781e-02
1.692210890267960072e+09 8.884906768798828125e-03 9.654855728149414062e-02
1.692210896414966106e+09 6.268024444580078125e-04 3.180050849914550781e-02
1.692210902536955595e+09 2.989768981933593750e-04 7.495760917663574219e-02
1.692210908681339741e+09 5.140304565429687500e-04 7.283139228820800781e-02
1.692210914779764175e+09 5.960464477539062500e-04 4.204869270324707031e-02
1.692210920849380016e+09 5.199909210205078125e-04 3.642868995666503906e-02
1.692210926943014145e+09 1.995563507080078125e-04 6.447625160217285156e-02
1.692210933074116945e+09 5.917549133300781250e-04 4.349517822265625000e-02
1.692210939150715828e+09 8.001327514648437500e-04 4.413390159606933594e-02
1.692210945253485680e+09 8.106231689453125000e-04 1.017947196960449219e-01
