1.692203883963354588e+09 3.020763397216796875e-04 1.171741485595703125e-01
1.692203890160723209e+09 3.980398178100585938e-03 2.036933898925781250e-01
1.692203896458967686e+09 5.550384521484375000e-04 1.389074325561523438e-01
1.692203902689120531e+09 5.924701690673828125e-04 9.470343589782714844e-02
1.692203908846271992e+09 2.596378326416015625e-04 1.006841659545898438e-01
1.692203914950114012e+09 6.392002105712890625e-04 1.220331192016601562e-01
1.692203921180292368e+09 3.283023834228515625e-04 1.319048404693603516e-01
1.692203927375716209e+09 4.177093505859375000e-04 1.453742980957031250e-01
1.692203933590640306e+09 2.481937408447265625e-04 1.220626831054687500e-01
1.692203939771609545e+09 3.087520599365234375e-04 1.735825538635253906e-01
1.692203946018204451e+09 2.510547637939453125e-04 1.150476932525634766e-01
1.692203952165014744e+09 7.545948028564453125e-04 1.101915836334228516e-01
1.692203958355119705e+09 3.175735473632812500e-04 1.476461887359619141e-01
1.692203964591546774e+09 3.468990325927734375e-04 1.302549839019775391e-01
1.692203970780452728e+09 9.000301361083984375e-04 9.614515304565429688e-02
1.692203976948593855e+09 2.241134643554687500e-04 1.180901527404785156e-01
1.692203983184873581e+09 2.536773681640625000e-04 1.763472557067871094e-01
1.692203989418698788e+09 7.069110870361328125e-04 1.349673271179199219e-01
1.692203995582897186e+09 1.910448074340820312e-03 1.296074390411376953e-01
1.692204001788996220e+09 7.731914520263671875e-04 1.574947834014892578e-01
1.692204008003168106e+09 3.767013549804687500e-04 1.260898113250732422e-01
1.692204014178945065e+09 7.727146148681640625e-04 1.954872608184814453e-01
1.692204020456501007e+09 5.664825439453125000e-04 1.325559616088867188e-01
1.692204026678311586e+09 5.639314651489257812e-03 1.026437282562255859e-01
1.692204032891882658e+09 6.065368652343750000e-04 6.698894500732421875e-02
1.692204039022674561e+09 3.399848937988281250e-04 1.194345951080322266e-01
1.692204045164236546e+09 6.313323974609375000e-04 1.751568317413330078e-01
1.692204051421570539e+09 3.573894500732421875e-04 1.179249286651611328e-01
1.692204057565742970e+09 3.699064254760742188e-03 9.846735000610351562e-02
1.692204063753018856e+09 2.679824829101562500e-04 1.143090724945068359e-01
