1.692215182004656553e+09 6.668567657470703125e-04 4.524469375610351562e-02
1.692215188136400938e+09 1.897811889648437500e-04 3.575754165649414062e-02
1.692215194224954844e+09 8.116722106933593750e-03 1.230695247650146484e-01
1.692215200421899796e+09 2.336502075195312500e-04 3.357052803039550781e-02
1.692215206522180319e+09 1.952648162841796875e-04 3.239297866821289062e-02
1.692215212620763540e+09 1.935958862304687500e-04 8.064150810241699219e-02
1.692215218785851955e+09 2.086162567138671875e-04 7.970809936523437500e-02
1.692215224893903971e+09 3.979444503784179688e-03 7.555294036865234375e-02
1.692215231069512129e+09 5.080699920654296875e-04 8.103871345520019531e-02
1.692215237172342300e+09 4.975795745849609375e-04 1.072797775268554688e-01
1.692215243298195601e+09 2.031326293945312500e-04 8.123564720153808594e-02
1.692215249481066227e+09 8.504390716552734375e-04 4.626488685607910156e-02
1.692215255539465189e+09 5.140304565429687500e-04 4.149270057678222656e-02
1.692215261632968187e+09 6.961822509765625000e-04 7.918953895568847656e-02
1.692215267769440889e+09 5.235671997070312500e-04 8.953785896301269531e-02
1.692215273880565882e+09 5.381107330322265625e-04 4.287862777709960938e-02
1.692215279934158564e+09 2.982616424560546875e-04 3.830742835998535156e-02
1.692215286027231216e+09 1.210927963256835938e-03 7.982444763183593750e-02
1.692215292172553062e+09 5.943775177001953125e-04 7.875490188598632812e-02
1.692215298270311356e+09 4.715919494628906250e-04 4.225444793701171875e-02
1.692215304332946301e+09 3.142356872558593750e-04 3.932476043701171875e-02
1.692215310430242538e+09 4.096508026123046875e-03 9.525132179260253906e-02
1.692215316601091862e+09 2.040863037109375000e-04 7.741236686706542969e-02
1.692215322772216797e+09 5.562305450439453125e-04 4.871129989624023438e-02
1.692215328839799643e+09 2.627372741699218750e-04 4.072594642639160156e-02
1.692215334929924250e+09 8.475780487060546875e-04 7.165908813476562500e-02
1.692215341065618992e+09 5.445480346679687500e-04 4.180717468261718750e-02
1.692215347132964134e+09 2.200603485107421875e-04 3.994822502136230469e-02
1.692215353231953859e+09 5.064010620117187500e-04 1.092951297760009766e-01
1.692215359408084393e+09 1.181054115295410156e-02 7.995223999023437500e-02
