1.692263774802759647e+09 6.937980651855468750e-04 5.387806892395019531e-02
1.692263781039317131e+09 9.307861328125000000e-04 9.835982322692871094e-02
1.692263787285964251e+09 4.305839538574218750e-04 5.479812622070312500e-02
1.692263793237964869e+09 3.230571746826171875e-04 3.858995437622070312e-02
1.692263799322912931e+09 5.357265472412109375e-04 5.646944046020507812e-02
1.692263805342244625e+09 8.511543273925781250e-04 5.041265487670898438e-02
1.692263811338134527e+09 1.640558242797851562e-03 5.141139030456542969e-02
1.692263817638151407e+09 2.331733703613281250e-04 9.087991714477539062e-02
1.692263823793624640e+09 3.119468688964843750e-03 4.336142539978027344e-02
1.692263829929595470e+09 5.481243133544921875e-04 9.035205841064453125e-02
1.692263836075668573e+09 1.404356956481933594e-02 9.351110458374023438e-02
1.692263842294212103e+09 8.251667022705078125e-04 4.184985160827636719e-02
1.692263848329042435e+09 8.556842803955078125e-04 9.937357902526855469e-02
1.692263854386573076e+09 1.931190490722656250e-04 6.896018981933593750e-02
1.692263860557570696e+09 5.667209625244140625e-04 4.618597030639648438e-02
1.692263866731485367e+09 3.023147583007812500e-04 8.906435966491699219e-02
1.692263872684005499e+09 8.330345153808593750e-04 3.896284103393554688e-02
1.692263878727098227e+09 3.247261047363281250e-04 4.825448989868164062e-02
1.692263884832780838e+09 5.116462707519531250e-04 4.221820831298828125e-02
1.692263891027361393e+09 1.912117004394531250e-04 5.096125602722167969e-02
1.692263897137167692e+09 3.194808959960937500e-04 5.377984046936035156e-02
1.692263903339182377e+09 5.037784576416015625e-04 1.100189685821533203e-01
1.692263909501841545e+09 5.412101745605468750e-04 4.428315162658691406e-02
1.692263915529355288e+09 2.272129058837890625e-04 4.902601242065429688e-02
1.692263921632959843e+09 5.307197570800781250e-04 4.136657714843750000e-02
1.692263927826423407e+09 5.052089691162109375e-04 1.159305572509765625e-01
1.692263934001061678e+09 6.673336029052734375e-04 5.599164962768554688e-02
1.692263939939895630e+09 5.414485931396484375e-04 4.018545150756835938e-02
1.692263946125361681e+09 5.326271057128906250e-04 4.994368553161621094e-02
1.692263952235619068e+09 2.040863037109375000e-04 1.029357910156250000e-01
