1.692196626793776035e+09 8.277893066406250000e-04 1.286258697509765625e-01
1.692196633024952650e+09 5.304813385009765625e-04 1.132605075836181641e-01
1.692196639228190899e+09 8.149147033691406250e-04 1.321341991424560547e-01
1.692196645431733608e+09 2.474784851074218750e-04 1.133975982666015625e-01
1.692196651611878157e+09 8.056163787841796875e-04 9.618616104125976562e-02
1.692196657791829109e+09 2.338886260986328125e-04 1.280207633972167969e-01
1.692196663922622919e+09 1.080513000488281250e-03 1.983990669250488281e-01
1.692196670206770658e+09 9.016990661621093750e-04 8.682060241699218750e-02
1.692196676383931875e+09 2.813339233398437500e-04 1.259062290191650391e-01
1.692196682520470619e+09 2.496242523193359375e-04 1.731739044189453125e-01
1.692196688767259836e+09 3.225803375244140625e-04 1.523067951202392578e-01
1.692196694948423624e+09 2.377033233642578125e-04 1.354620456695556641e-01
1.692196701132525921e+09 2.229213714599609375e-04 1.147086620330810547e-01
1.692196707313096046e+09 1.417398452758789062e-03 9.818339347839355469e-02
1.692196713501326561e+09 2.989768981933593750e-04 1.216382980346679688e-01
1.692196719716731310e+09 2.092838287353515625e-03 8.262491226196289062e-02
1.692196725878535986e+09 6.253719329833984375e-04 1.273288726806640625e-01
1.692196732022806168e+09 2.257823944091796875e-04 1.184744834899902344e-01
1.692196738212255955e+09 2.362728118896484375e-04 1.261413097381591797e-01
1.692196744420293331e+09 2.703666687011718750e-04 2.020232677459716797e-01
1.692196750696811438e+09 2.548694610595703125e-04 1.117005348205566406e-01
1.692196756905936003e+09 8.437633514404296875e-04 1.143834590911865234e-01
1.692196763118332148e+09 3.595352172851562500e-04 1.966426372528076172e-01
1.692196769391247272e+09 4.181861877441406250e-04 1.286604404449462891e-01
1.692196775523752928e+09 2.429485321044921875e-04 1.066985130310058594e-01
1.692196781700456142e+09 2.379417419433593750e-04 1.758387088775634766e-01
1.692196788002793074e+09 2.410888671875000000e-03 1.488802433013916016e-01
1.692196794259956598e+09 6.091833114624023438e-03 1.562473773956298828e-01
1.692196800469497204e+09 1.148462295532226562e-03 1.519749164581298828e-01
1.692196806650742769e+09 2.377033233642578125e-04 1.192076206207275391e-01
