1.692193787136870861e+09 8.125305175781250000e-04 1.312975883483886719e-01
1.692193793370500565e+09 4.024505615234375000e-04 9.359788894653320312e-02
1.692193799534708023e+09 3.678798675537109375e-04 1.400332450866699219e-01
1.692193805684230804e+09 2.341270446777343750e-04 1.142709255218505859e-01
1.692193811850849628e+09 3.125667572021484375e-04 2.275085449218750000e-01
1.692193818166292667e+09 2.975463867187500000e-04 6.638407707214355469e-02
1.692193824306059599e+09 2.139568328857421875e-03 2.164971828460693359e-01
1.692193830570789099e+09 2.882480621337890625e-04 1.896238327026367188e-01
1.692193836830172539e+09 3.311634063720703125e-04 1.912202835083007812e-01
1.692193843029699326e+09 6.515979766845703125e-04 7.451391220092773438e-02
1.692193849119416475e+09 2.431869506835937500e-04 1.488902568817138672e-01
1.692193855293548822e+09 1.316308975219726562e-03 2.131254673004150391e-01
1.692193861572431803e+09 4.107952117919921875e-04 1.935694217681884766e-01
1.692193867835908413e+09 2.915859222412109375e-04 1.875066757202148438e-01
1.692193874127418995e+09 1.056504249572753906e-02 6.020116806030273438e-02
1.692193880209635973e+09 2.017259597778320312e-03 1.212735176086425781e-01
1.692193886362741709e+09 2.691745758056640625e-04 5.567717552185058594e-02
1.692193892495001554e+09 2.818107604980468750e-04 1.649138927459716797e-01
1.692193898710129261e+09 2.496242523193359375e-04 1.067209243774414062e-01
1.692193904843924522e+09 7.517337799072265625e-04 1.549644470214843750e-01
1.692193911093790770e+09 2.825260162353515625e-04 9.975934028625488281e-02
1.692193917240906715e+09 1.492261886596679688e-03 2.243711948394775391e-01
1.692193923568922997e+09 3.039836883544921875e-04 1.123306751251220703e-01
1.692193929754537582e+09 3.440380096435546875e-04 1.603035926818847656e-01
1.692193936003985643e+09 3.721714019775390625e-04 1.823816299438476562e-01
1.692193942220377207e+09 1.050949096679687500e-03 7.593393325805664062e-02
1.692193948315935135e+09 4.637241363525390625e-04 1.628742218017578125e-01
1.692193954501082659e+09 8.854866027832031250e-04 9.825491905212402344e-02
1.692193960638334274e+09 3.011226654052734375e-04 2.203447818756103516e-01
1.692193966865966320e+09 1.218795776367187500e-03 1.634066104888916016e-01
