1.692195049171104670e+09 5.502700805664062500e-04 1.222512722015380859e-01
1.692195055391532421e+09 3.850460052490234375e-04 2.129569053649902344e-01
1.692195061684206963e+09 2.460479736328125000e-04 1.234273910522460938e-01
1.692195067890834093e+09 3.204345703125000000e-04 1.009016036987304688e-01
1.692195074073164701e+09 7.929801940917968750e-04 1.044957637786865234e-01
1.692195080281930685e+09 8.442401885986328125e-04 2.648308277130126953e-01
1.692195086566320419e+09 5.152225494384765625e-04 9.943604469299316406e-02
1.692195092782948732e+09 2.738714218139648438e-03 1.603906154632568359e-01
1.692195099037976265e+09 5.457401275634765625e-04 1.098282337188720703e-01
1.692195105185194969e+09 3.402233123779296875e-04 1.002142429351806641e-01
1.692195111370583057e+09 2.672672271728515625e-04 1.063849925994873047e-01
1.692195117573679686e+09 6.229877471923828125e-04 1.103560924530029297e-01
1.692195123784716845e+09 3.330707550048828125e-04 1.857910156250000000e-01
1.692195130053813934e+09 2.498626708984375000e-04 2.691709995269775391e-01
1.692195136336706161e+09 3.457069396972656250e-04 6.659674644470214844e-02
1.692195142434745550e+09 2.753734588623046875e-04 1.792080402374267578e-01
1.692195148646925211e+09 3.335475921630859375e-04 1.137983798980712891e-01
1.692195154781843185e+09 2.591609954833984375e-04 2.127220630645751953e-01
1.692195161080222368e+09 5.950927734375000000e-04 3.034563064575195312e-01
1.692195167480931282e+09 2.565383911132812500e-04 1.547253131866455078e-01
1.692195173722195387e+09 2.400875091552734375e-04 9.929466247558593750e-02
1.692195179907914400e+09 2.639293670654296875e-04 1.278326511383056641e-01
1.692195186096040249e+09 1.158952713012695312e-03 9.267163276672363281e-02
1.692195192266580582e+09 2.510547637939453125e-04 8.413362503051757812e-02
1.692195198451878071e+09 2.386569976806640625e-04 1.955587863922119141e-01
1.692195204677718401e+09 1.439571380615234375e-03 1.071529388427734375e-01
1.692195210881338120e+09 2.033233642578125000e-03 1.778092384338378906e-01
1.692195217155402660e+09 1.438379287719726562e-03 1.627528667449951172e-01
1.692195223341540337e+09 3.490447998046875000e-04 5.743646621704101562e-02
1.692195229425962448e+09 7.207393646240234375e-04 1.735293865203857422e-01
