1.692264090284003019e+09 4.980564117431640625e-04 5.379414558410644531e-02
1.692264096241948366e+09 5.941390991210937500e-04 1.305403709411621094e-01
1.692264102307401657e+09 1.823902130126953125e-04 4.553699493408203125e-02
1.692264108219770908e+09 2.322196960449218750e-04 8.785414695739746094e-02
1.692264114376697779e+09 1.924037933349609375e-04 3.990769386291503906e-02
1.692264120514521122e+09 2.183914184570312500e-04 4.903554916381835938e-02
1.692264126423653126e+09 3.125429153442382812e-03 9.581899642944335938e-02
1.692264132592799902e+09 1.596450805664062500e-03 8.819007873535156250e-02
1.692264138777556181e+09 5.424022674560546875e-04 5.510354042053222656e-02
1.692264145032228947e+09 4.725217819213867188e-03 1.015429496765136719e-01
1.692264151282609701e+09 2.727508544921875000e-04 6.324958801269531250e-02
1.692264157438425541e+09 5.409717559814453125e-04 1.082785129547119141e-01
1.692264163585047722e+09 3.402709960937500000e-03 9.792113304138183594e-02
1.692264169786850214e+09 6.000995635986328125e-04 4.342627525329589844e-02
1.692264176020578146e+09 5.135536193847656250e-04 8.654022216796875000e-02
1.692264182270713329e+09 1.924037933349609375e-04 8.674693107604980469e-02
1.692264188487095356e+09 9.028911590576171875e-04 8.003187179565429688e-02
1.692264194657576084e+09 5.183219909667968750e-04 5.019569396972656250e-02
1.692264200626459837e+09 5.156993865966796875e-04 1.006906032562255859e-01
1.692264206877906084e+09 8.144378662109375000e-04 4.340291023254394531e-02
1.692264213122630119e+09 1.716613769531250000e-04 3.624367713928222656e-02
1.692264219211918831e+09 1.823902130126953125e-04 7.831716537475585938e-02
1.692264225359756708e+09 6.031990051269531250e-04 3.950333595275878906e-02
1.692264231616454601e+09 2.491474151611328125e-04 5.552792549133300781e-02
1.692264237730386972e+09 8.103847503662109375e-04 4.395031929016113281e-02
1.692264244022687197e+09 1.726150512695312500e-04 3.693008422851562500e-02
1.692264250111824989e+09 5.021095275878906250e-04 3.940939903259277344e-02
1.692264256316369057e+09 2.732276916503906250e-04 4.514598846435546875e-02
1.692264262419989347e+09 2.825260162353515625e-04 5.773639678955078125e-02
1.692264268534211636e+09 5.164146423339843750e-04 1.091549396514892578e-01
