1.692214866345754623e+09 6.129741668701171875e-04 1.033899784088134766e-01
1.692214872529247761e+09 7.252693176269531250e-04 4.953289031982421875e-02
1.692214878689619064e+09 1.048326492309570312e-03 8.553004264831542969e-02
1.692214884829541445e+09 1.881122589111328125e-04 3.219318389892578125e-02
1.692214890955220938e+09 2.663135528564453125e-03 9.193921089172363281e-02
1.692214897145578623e+09 2.625942230224609375e-03 7.588124275207519531e-02
1.692214903308568239e+09 5.376338958740234375e-04 9.266781806945800781e-02
1.692214909418467760e+09 4.963874816894531250e-04 3.875827789306640625e-02
1.692214915464429140e+09 3.125667572021484375e-04 3.947997093200683594e-02
1.692214921563772440e+09 2.207756042480468750e-04 3.029942512512207031e-02
1.692214927653665781e+09 1.893043518066406250e-04 7.212281227111816406e-02
1.692214933799341917e+09 5.350112915039062500e-04 1.259856224060058594e-01
1.692214939951790094e+09 1.876354217529296875e-04 8.132004737854003906e-02
1.692214946119505405e+09 5.722045898437500000e-04 3.886795043945312500e-02
1.692214952164798737e+09 4.947185516357421875e-04 3.789281845092773438e-02
1.692214958262212992e+09 2.913475036621093750e-04 7.514166831970214844e-02
1.692214964398681164e+09 5.891323089599609375e-04 1.285476684570312500e-01
1.692214970557363033e+09 3.974437713623046875e-04 3.804159164428710938e-02
1.692214976663556576e+09 5.500316619873046875e-04 5.397033691406250000e-02
1.692214982780011177e+09 2.627372741699218750e-04 3.142523765563964844e-02
1.692214988855706692e+09 3.201961517333984375e-04 9.166431427001953125e-02
1.692214995017052412e+09 2.076625823974609375e-04 8.919835090637207031e-02
1.692215001117197275e+09 5.462169647216796875e-04 1.063098907470703125e-01
1.692215007232280970e+09 8.556842803955078125e-04 8.732223510742187500e-02
1.692215013413808823e+09 4.942417144775390625e-04 1.109154224395751953e-01
1.692215019536768913e+09 5.288124084472656250e-04 5.000972747802734375e-02
1.692215025675350666e+09 2.009868621826171875e-04 8.756780624389648438e-02
1.692215031836668015e+09 3.834724426269531250e-03 7.440519332885742188e-02
1.692215038021703243e+09 4.980564117431640625e-04 9.679365158081054688e-02
1.692215044125514269e+09 1.317262649536132812e-03 8.498978614807128906e-02
