1.692270712022797108e+09 2.660751342773437500e-04 3.423094749450683594e-02
1.692270718056900263e+09 5.395412445068359375e-04 1.302833557128906250e-01
1.692270724153800964e+09 5.888938903808593750e-04 1.014325618743896484e-01
1.692270730025491476e+09 5.946159362792968750e-04 1.209542751312255859e-01
1.692270736245222092e+09 5.443096160888671875e-04 5.026817321777343750e-02
1.692270742274010897e+09 5.819797515869140625e-04 4.855036735534667969e-02
1.692270748371918201e+09 5.457401275634765625e-04 5.138754844665527344e-02
1.692270754575563908e+09 3.423690795898437500e-04 6.527233123779296875e-02
1.692270760689212322e+09 5.087852478027343750e-04 1.032018661499023438e-01
1.692270766841810465e+09 1.997947692871093750e-04 7.321405410766601562e-02
1.692270772801067591e+09 1.971721649169921875e-04 3.568816184997558594e-02
1.692270778957345724e+09 1.766681671142578125e-04 7.128643989562988281e-02
1.692270784895221472e+09 1.197123527526855469e-02 8.733844757080078125e-02
1.692270791036458731e+09 9.236335754394531250e-04 6.440424919128417969e-02
1.692270797091783762e+09 5.571842193603515625e-04 4.820799827575683594e-02
1.692270803172641277e+09 1.792907714843750000e-04 3.916692733764648438e-02
1.692270809260695457e+09 5.490779876708984375e-04 7.109737396240234375e-02
1.692270815194391727e+09 3.225803375244140625e-04 5.702424049377441406e-02
1.692270821282146454e+09 8.280277252197265625e-04 4.809117317199707031e-02
1.692270827274181843e+09 5.567073822021484375e-04 1.155455112457275391e-01
1.692270833339374304e+09 2.131462097167968750e-04 6.819939613342285156e-02
1.692270839490911245e+09 5.176067352294921875e-04 4.728937149047851562e-02
1.692270845471271753e+09 4.599094390869140625e-03 1.107103824615478516e-01
1.692270851841231823e+09 5.035400390625000000e-04 3.763699531555175781e-02
1.692270857861311913e+09 7.960796356201171875e-04 8.449339866638183594e-02
1.692270864110704422e+09 5.633831024169921875e-04 1.342988014221191406e-01
1.692270870558708906e+09 2.954006195068359375e-04 6.621289253234863281e-02
1.692270876490957022e+09 4.422664642333984375e-04 7.897329330444335938e-02
1.692270882617113113e+09 5.490779876708984375e-04 8.373761177062988281e-02
1.692270888709429979e+09 5.655288696289062500e-04 1.071906089782714844e-01
