1.692267150322205067e+09 2.034187316894531250e-03 8.430647850036621094e-02
1.692267156510450363e+09 2.803802490234375000e-04 1.390874385833740234e-01
1.692267162861375332e+09 2.710819244384765625e-04 1.121718883514404297e-01
1.692267169235311985e+09 2.815723419189453125e-04 1.319630146026611328e-01
1.692267175354270220e+09 2.632141113281250000e-04 1.125113964080810547e-01
1.692267181435060263e+09 1.564025878906250000e-03 1.650462150573730469e-01
1.692267187603432894e+09 4.045963287353515625e-04 1.744866371154785156e-01
1.692267193809726000e+09 1.231431961059570312e-03 9.285140037536621094e-02
1.692267199933355331e+09 1.267433166503906250e-03 1.379928588867187500e-01
1.692267205965860844e+09 1.735448837280273438e-03 1.772863864898681641e-01
1.692267212305917501e+09 6.618499755859375000e-04 1.223802566528320312e-01
1.692267218446925163e+09 3.180503845214843750e-04 1.549966335296630859e-01
1.692267224877773523e+09 1.059055328369140625e-03 1.494448184967041016e-01
1.692267231178365707e+09 1.219749450683593750e-03 1.617360115051269531e-01
1.692267237587433338e+09 8.399486541748046875e-04 1.314804553985595703e-01
1.692267243766973495e+09 9.205341339111328125e-04 2.309026718139648438e-01
1.692267250159261465e+09 2.748966217041015625e-04 1.624438762664794922e-01
1.692267256386632442e+09 5.161762237548828125e-04 7.018208503723144531e-02
1.692267262596944809e+09 1.542091369628906250e-03 1.202032566070556641e-01
1.692267268562271833e+09 7.758140563964843750e-04 1.376366615295410156e-01
1.692267274762439728e+09 2.286911010742187500e-03 1.258039474487304688e-01
1.692267280957374573e+09 8.270740509033203125e-04 1.435940265655517578e-01
1.692267287172845602e+09 3.621578216552734375e-04 2.636885643005371094e-01
1.692267293513512135e+09 7.796287536621093750e-04 1.487824916839599609e-01
1.692267299785517216e+09 5.447864532470703125e-04 1.645436286926269531e-01
1.692267306091173649e+09 2.744197845458984375e-04 5.721712112426757812e-02
1.692267312179862499e+09 4.098415374755859375e-04 9.403133392333984375e-02
1.692267318422412395e+09 3.924369812011718750e-04 6.414866447448730469e-02
1.692267324487946987e+09 3.967285156250000000e-04 1.569905281066894531e-01
1.692267330580752850e+09 2.596378326416015625e-04 1.009213924407958984e-01
