1.692222119050722122e+09 6.501674652099609375e-04 4.567813873291015625e-02
1.692222125197804689e+09 4.131793975830078125e-04 4.852557182312011719e-02
1.692222131298568249e+09 2.052783966064453125e-04 1.031513214111328125e-01
1.692222137456105947e+09 3.857612609863281250e-04 4.207134246826171875e-02
1.692222143592759848e+09 1.859664916992187500e-04 5.050754547119140625e-02
1.692222149700247526e+09 1.981258392333984375e-04 7.812452316284179688e-02
1.692222155829129696e+09 2.110004425048828125e-04 6.664395332336425781e-02
1.692222161926389694e+09 5.438327789306640625e-04 9.798455238342285156e-02
1.692222168049893141e+09 3.360271453857421875e-03 6.552743911743164062e-02
1.692222174219471216e+09 8.072853088378906250e-04 1.072158813476562500e-01
1.692222180363046646e+09 2.646446228027343750e-04 3.399634361267089844e-02
1.692222186483945131e+09 1.893043518066406250e-04 4.192471504211425781e-02
1.692222192592095613e+09 3.918409347534179688e-03 8.334445953369140625e-02
1.692222198753035545e+09 2.140998840332031250e-04 5.825853347778320312e-02
1.692222204912154913e+09 1.614332199096679688e-03 7.554578781127929688e-02
1.692222211048575401e+09 2.088546752929687500e-04 3.142976760864257812e-02
1.692222217181014061e+09 1.741647720336914062e-03 6.702327728271484375e-02
1.692222223319054604e+09 1.108646392822265625e-03 7.229876518249511719e-02
1.692222229436523199e+09 4.951953887939453125e-04 1.107962131500244141e-01
1.692222235562811375e+09 2.076625823974609375e-04 6.815671920776367188e-02
1.692222241727191448e+09 6.077289581298828125e-04 1.261587142944335938e-01
1.692222247878720045e+09 2.058267593383789062e-03 4.767179489135742188e-02
1.692222254001311541e+09 5.352497100830078125e-04 1.061501502990722656e-01
1.692222260159569979e+09 4.367828369140625000e-04 6.699752807617187500e-02
1.692222266317240238e+09 7.438421249389648438e-03 9.383082389831542969e-02
1.692222272452998638e+09 1.733303070068359375e-04 7.202410697937011719e-02
1.692222278623147964e+09 5.030632019042968750e-04 7.417678833007812500e-02
1.692222284740966320e+09 5.462169647216796875e-04 5.024480819702148438e-02
1.692222290802290440e+09 1.957416534423828125e-04 3.212213516235351562e-02
1.692222296881658077e+09 1.809597015380859375e-04 8.391332626342773438e-02
