1.692260621564532518e+09 6.620883941650390625e-04 4.440736770629882812e-02
1.692260627711343527e+09 5.586147308349609375e-04 9.824848175048828125e-02
1.692260633965821266e+09 1.914501190185546875e-04 7.357382774353027344e-02
1.692260640145104647e+09 5.843639373779296875e-04 5.704617500305175781e-02
1.692260646424705029e+09 8.139610290527343750e-04 4.229855537414550781e-02
1.692260652611990452e+09 4.966259002685546875e-04 1.065075397491455078e-01
1.692260658874174833e+09 5.853176116943359375e-04 1.031939983367919922e-01
1.692260664970943213e+09 5.819797515869140625e-04 4.421424865722656250e-02
1.692260671011840582e+09 1.943111419677734375e-04 3.804731369018554688e-02
1.692260677002856255e+09 4.644155502319335938e-03 8.728361129760742188e-02
1.692260683171820164e+09 6.074905395507812500e-04 1.020703315734863281e-01
1.692260689269911051e+09 8.275508880615234375e-04 8.704543113708496094e-02
1.692260695464819193e+09 5.571842193603515625e-04 1.082098484039306641e-01
1.692260701679287434e+09 4.355907440185546875e-04 4.667139053344726562e-02
1.692260707816116810e+09 8.494853973388671875e-04 4.626870155334472656e-02
1.692260714116149426e+09 1.800060272216796875e-04 8.198547363281250000e-02
1.692260720355362177e+09 5.607604980468750000e-04 4.196548461914062500e-02
1.692260726409828901e+09 1.104831695556640625e-03 8.178591728210449219e-02
1.692260732482754230e+09 6.260871887207031250e-04 3.478860855102539062e-02
1.692260738703113794e+09 5.187988281250000000e-04 4.909706115722656250e-02
1.692260744917013884e+09 5.576610565185546875e-04 4.450130462646484375e-02
1.692260750912351370e+09 1.692771911621093750e-04 3.952741622924804688e-02
1.692260757005396605e+09 2.033710479736328125e-04 7.101130485534667969e-02
1.692260763140382767e+09 5.733966827392578125e-04 4.418230056762695312e-02
1.692260769112040520e+09 1.797676086425781250e-04 3.910732269287109375e-02
1.692260775204329967e+09 5.571842193603515625e-04 1.228590011596679688e-01
1.692260781490817785e+09 5.636215209960937500e-04 4.955482482910156250e-02
1.692260787417559862e+09 1.900196075439453125e-04 3.865051269531250000e-02
1.692260793624814987e+09 7.948875427246093750e-04 9.816765785217285156e-02
1.692260799968369961e+09 5.252361297607421875e-04 5.775833129882812500e-02
