1.692268412087801456e+09 8.785724639892578125e-04 9.396338462829589844e-02
1.692268418383911610e+09 5.979537963867187500e-04 6.867742538452148438e-02
1.692268424458467722e+09 3.662109375000000000e-04 1.685607433319091797e-01
1.692268430658092737e+09 3.085136413574218750e-04 2.585227489471435547e-01
1.692268437147332191e+09 2.624988555908203125e-04 1.389460563659667969e-01
1.692268443436873198e+09 5.304813385009765625e-04 1.730999946594238281e-01
1.692268449663969040e+09 2.555847167968750000e-04 1.749157905578613281e-01
1.692268455963801146e+09 3.488063812255859375e-04 1.876721382141113281e-01
1.692268462176583290e+09 8.215904235839843750e-04 1.669137477874755859e-01
1.692268468373345375e+09 4.897117614746093750e-04 9.142231941223144531e-02
1.692268474584924221e+09 2.920627593994140625e-04 2.413454055786132812e-01
1.692268480729780436e+09 3.905296325683593750e-04 1.573328971862792969e-01
1.692268486746650457e+09 2.815723419189453125e-04 6.191682815551757812e-02
1.692268492850298882e+09 2.558231353759765625e-04 1.906292438507080078e-01
1.692268498982366323e+09 3.092288970947265625e-04 9.922957420349121094e-02
1.692268505196547031e+09 4.900693893432617188e-03 1.725411415100097656e-01
1.692268511368502140e+09 3.328323364257812500e-04 5.222606658935546875e-02
1.692268517343120813e+09 2.255916595458984375e-03 1.197834014892578125e-01
1.692268523713459015e+09 9.233951568603515625e-04 1.314685344696044922e-01
1.692268529927017212e+09 2.882480621337890625e-04 1.173162460327148438e-01
1.692268536105506897e+09 2.853870391845703125e-04 5.949997901916503906e-02
1.692268542047639132e+09 3.504753112792968750e-04 1.032850742340087891e-01
1.692268548196425438e+09 2.686977386474609375e-04 4.814863204956054688e-02
1.692268554336836338e+09 1.569271087646484375e-03 1.635251045227050781e-01
1.692268560456336975e+09 9.984970092773437500e-04 1.950054168701171875e-01
1.692268566785168886e+09 4.155635833740234375e-04 5.508303642272949219e-02
1.692268572846165180e+09 4.675388336181640625e-04 1.137208938598632812e-01
1.692268579003061771e+09 2.608299255371093750e-04 1.584289073944091797e-01
1.692268585146593332e+09 2.777576446533203125e-04 2.184538841247558594e-01
1.692268591606981039e+09 2.844333648681640625e-04 1.099088191986083984e-01
