1.692216127949959517e+09 1.663208007812500000e-03 6.893420219421386719e-02
1.692216134026969194e+09 5.517005920410156250e-04 4.059576988220214844e-02
1.692216140091672421e+09 9.460449218750000000e-04 8.006072044372558594e-02
1.692216146236315012e+09 8.237361907958984375e-04 4.584169387817382812e-02
1.692216152298623085e+09 1.969337463378906250e-04 4.726004600524902344e-02
1.692216158398230791e+09 5.223751068115234375e-04 1.076390743255615234e-01
1.692216164566449404e+09 2.062320709228515625e-04 8.298730850219726562e-02
1.692216170734342575e+09 5.226135253906250000e-04 1.152846813201904297e-01
1.692216176878919363e+09 1.924037933349609375e-04 8.497166633605957031e-02
1.692216183040966034e+09 5.435943603515625000e-04 5.104827880859375000e-02
1.692216189102010727e+09 5.168914794921875000e-04 4.164838790893554688e-02
1.692216195192487478e+09 2.167224884033203125e-04 3.806447982788085938e-02
1.692216201286582708e+09 1.745223999023437500e-04 8.043074607849121094e-02
1.692216207436404467e+09 5.476474761962890625e-04 1.057393550872802734e-01
1.692216213556728601e+09 6.089210510253906250e-04 7.413554191589355469e-02
1.692216219725722790e+09 5.741119384765625000e-04 1.070585250854492188e-01
1.692216225858083248e+09 1.854896545410156250e-03 6.067609786987304688e-02
1.692216232015911341e+09 1.773834228515625000e-04 8.321571350097656250e-02
1.692216238148583651e+09 2.408027648925781250e-04 5.338859558105468750e-02
1.692216244301952600e+09 1.094818115234375000e-03 7.587647438049316406e-02
1.692216250457968235e+09 2.171993255615234375e-04 7.066726684570312500e-02
1.692216256621008635e+09 4.963874816894531250e-04 1.068856716156005859e-01
1.692216262757842302e+09 2.409458160400390625e-03 5.697154998779296875e-02
1.692216268909728765e+09 8.087158203125000000e-04 1.050157546997070312e-01
1.692216275058375597e+09 8.242130279541015625e-04 1.060206890106201172e-01
1.692216281259300709e+09 1.802444458007812500e-04 3.979921340942382812e-02
1.692216287388996840e+09 5.607604980468750000e-04 9.323549270629882812e-02
1.692216293544625521e+09 4.949569702148437500e-04 4.244899749755859375e-02
1.692216299593454361e+09 5.166530609130859375e-04 4.693365097045898438e-02
1.692216305697562695e+09 2.971172332763671875e-03 7.921719551086425781e-02
