1.692215168584654570e+09 4.110336303710937500e-04 8.240818977355957031e-02
1.692215174750412464e+09 2.405643463134765625e-04 4.948091506958007812e-02
1.692215180834447622e+09 3.228187561035156250e-04 2.307660579681396484e-01
1.692215187101134300e+09 3.504991531372070312e-03 2.229077816009521484e-01
1.692215193407313585e+09 2.641677856445312500e-04 1.160953044891357422e-01
1.692215199586298227e+09 2.374649047851562500e-04 1.235184669494628906e-01
1.692215205720448494e+09 3.268718719482421875e-04 1.647760868072509766e-01
1.692215211943550110e+09 2.543926239013671875e-04 5.545830726623535156e-02
1.692215218022968531e+09 2.750873565673828125e-03 1.083271503448486328e-01
1.692215224198102236e+09 4.374980926513671875e-04 7.371902465820312500e-02
1.692215230347291708e+09 3.049373626708984375e-04 1.137337684631347656e-01
1.692215236483107090e+09 1.197338104248046875e-03 1.036653518676757812e-01
1.692215242679610968e+09 2.627372741699218750e-04 8.602690696716308594e-02
1.692215248853766441e+09 6.926059722900390625e-04 1.140422821044921875e-01
1.692215254998530149e+09 1.289606094360351562e-03 1.700077056884765625e-01
1.692215261258239031e+09 3.834962844848632812e-03 1.421773433685302734e-01
1.692215267418599844e+09 2.913475036621093750e-04 1.882941722869873047e-01
1.692215273666127443e+09 2.386569976806640625e-04 2.788770198822021484e-01
1.692215279948007345e+09 5.714893341064453125e-04 1.301405429840087891e-01
1.692215286119118929e+09 3.351449966430664062e-03 1.129627227783203125e-01
1.692215292293073893e+09 2.610683441162109375e-04 1.201496124267578125e-01
1.692215298487886429e+09 2.431869506835937500e-04 2.088859081268310547e-01
1.692215304776367426e+09 2.796649932861328125e-04 1.263768672943115234e-01
1.692215310998184681e+09 3.867149353027343750e-04 1.206007003784179688e-01
1.692215317189154148e+09 1.768350601196289062e-03 1.824500560760498047e-01
1.692215323465050459e+09 6.794929504394531250e-04 2.189092636108398438e-01
1.692215329702288151e+09 1.049757003784179688e-03 9.288763999938964844e-02
1.692215335866964340e+09 3.590583801269531250e-04 1.299169063568115234e-01
1.692215342004264832e+09 2.849102020263671875e-04 1.848788261413574219e-01
1.692215348254131794e+09 6.780624389648437500e-04 1.712832450866699219e-01
