1.692264720793123722e+09 6.806850433349609375e-04 5.412554740905761719e-02
1.692264726948396444e+09 3.547668457031250000e-04 3.536057472229003906e-02
1.692264733027820110e+09 2.107620239257812500e-04 9.860730171203613281e-02
1.692264739196316957e+09 2.868175506591796875e-04 4.409384727478027344e-02
1.692264745338463068e+09 1.052618026733398438e-03 7.946658134460449219e-02
1.692264751285779953e+09 8.745193481445312500e-04 8.726978302001953125e-02
1.692264757384261608e+09 3.218650817871093750e-04 8.388066291809082031e-02
1.692264763582486153e+09 8.089542388916015625e-04 7.951569557189941406e-02
1.692264769694389820e+09 8.285045623779296875e-04 4.209923744201660156e-02
1.692264775638468742e+09 5.397796630859375000e-04 3.985571861267089844e-02
1.692264781834270477e+09 3.763675689697265625e-03 8.236670494079589844e-02
1.692264787888406515e+09 5.295276641845703125e-04 4.006838798522949219e-02
1.692264793934251547e+09 6.008148193359375000e-04 9.175658226013183594e-02
1.692264799987805843e+09 1.769065856933593750e-04 3.149557113647460938e-02
1.692264806024442911e+09 1.820087432861328125e-03 5.092096328735351562e-02
1.692264812445867777e+09 1.666545867919921875e-04 3.240203857421875000e-02
1.692264818624644756e+09 8.144378662109375000e-04 9.558010101318359375e-02
1.692264824994168282e+09 6.630420684814453125e-04 1.301324367523193359e-01
1.692264831143049479e+09 1.928806304931640625e-04 7.978582382202148438e-02
1.692264837278581619e+09 1.864194869995117188e-03 5.382728576660156250e-02
1.692264843248139620e+09 3.285408020019531250e-04 5.399394035339355469e-02
1.692264849446525335e+09 5.660057067871093750e-04 7.580327987670898438e-02
1.692264855780275106e+09 8.330345153808593750e-04 9.257006645202636719e-02
1.692264862016271591e+09 8.447170257568359375e-04 1.119017601013183594e-01
1.692264868208532333e+09 4.196166992187500000e-04 7.090759277343750000e-02
1.692264874368000269e+09 2.696514129638671875e-04 2.958011627197265625e-02
1.692264880522388697e+09 2.644062042236328125e-04 3.881263732910156250e-02
1.692264886731783390e+09 1.690387725830078125e-04 3.522300720214843750e-02
1.692264892928194761e+09 7.765293121337890625e-04 4.654335975646972656e-02
1.692264898942771673e+09 5.364418029785156250e-04 1.065285205841064453e-01
