1.692218008187187433e+09 2.934932708740234375e-04 7.167172431945800781e-02
1.692218014373775721e+09 2.810955047607421875e-04 5.881953239440917969e-02
1.692218020447726488e+09 6.870508193969726562e-03 2.910861968994140625e-01
1.692218026799649715e+09 7.488727569580078125e-04 1.485114097595214844e-01
1.692218033043680668e+09 3.659725189208984375e-04 5.542588233947753906e-02
1.692218039145708323e+09 2.439022064208984375e-04 2.673323154449462891e-01
1.692218045460354328e+09 2.827644348144531250e-04 8.233070373535156250e-02
1.692218051577345133e+09 2.253055572509765625e-04 1.530344486236572266e-01
1.692218057744976044e+09 2.529621124267578125e-04 1.578106880187988281e-01
1.692218063947050333e+09 2.660751342773437500e-04 8.644866943359375000e-02
1.692218070079929829e+09 2.489089965820312500e-04 1.307432651519775391e-01
1.692218076218927622e+09 2.248287200927734375e-04 1.861968040466308594e-01
1.692218082475154400e+09 2.562999725341796875e-04 1.545414924621582031e-01
1.692218088642740726e+09 2.688169479370117188e-03 9.135913848876953125e-02
1.692218094787501335e+09 2.558231353759765625e-04 1.430306434631347656e-01
1.692218101030865431e+09 8.997917175292968750e-04 8.486652374267578125e-02
1.692218107174803495e+09 2.396106719970703125e-04 1.362297534942626953e-01
1.692218113334140062e+09 1.037120819091796875e-03 8.369398117065429688e-02
1.692218119483762503e+09 2.763271331787109375e-04 1.069295406341552734e-01
1.692218125599296570e+09 2.524852752685546875e-04 1.343111991882324219e-01
1.692218131822507143e+09 2.315044403076171875e-04 1.249918937683105469e-01
1.692218138023536205e+09 3.550052642822265625e-04 5.793929100036621094e-02
1.692218144146884918e+09 1.049757003784179688e-03 8.562397956848144531e-02
1.692218150277738810e+09 2.429485321044921875e-04 9.303569793701171875e-02
1.692218156381032467e+09 3.979206085205078125e-04 1.831505298614501953e-01
1.692218162572036505e+09 3.702640533447265625e-04 1.819827556610107422e-01
1.692218168794709444e+09 3.590583801269531250e-04 1.145663261413574219e-01
1.692218175003301144e+09 2.558231353759765625e-04 1.158394813537597656e-01
1.692218181203883410e+09 8.583068847656250000e-04 2.417147159576416016e-01
1.692218187541577339e+09 2.379417419433593750e-04 1.433925628662109375e-01
