1.692224326391693830e+09 6.587505340576171875e-04 5.241012573242187500e-02
1.692224332546455145e+09 2.040863037109375000e-04 3.916358947753906250e-02
1.692224338630332708e+09 5.142688751220703125e-04 1.147842407226562500e-01
1.692224344808430433e+09 5.176067352294921875e-04 8.661603927612304688e-02
1.692224350980764151e+09 5.738735198974609375e-04 4.407620429992675781e-02
1.692224357037932873e+09 9.300708770751953125e-04 9.912872314453125000e-02
1.692224363195031166e+09 6.234645843505859375e-04 4.010581970214843750e-02
1.692224369333422184e+09 2.002716064453125000e-04 7.359266281127929688e-02
1.692224375470377684e+09 5.638599395751953125e-04 1.059606075286865234e-01
1.692224381599858522e+09 5.314350128173828125e-04 1.130263805389404297e-01
1.692224387806866884e+09 2.152919769287109375e-04 6.558585166931152344e-02
1.692224393962155104e+09 2.083778381347656250e-04 9.755086898803710938e-02
1.692224400105615616e+09 5.729198455810546875e-04 4.246282577514648438e-02
1.692224406236329317e+09 5.581378936767578125e-04 3.999161720275878906e-02
1.692224412333006859e+09 5.805492401123046875e-04 4.356598854064941406e-02
1.692224418437470675e+09 4.999637603759765625e-04 4.323291778564453125e-02
1.692224424536987543e+09 5.452632904052734375e-04 4.380941390991210938e-02
1.692224430637670517e+09 5.466938018798828125e-04 4.792690277099609375e-02
1.692224436741814137e+09 5.304813385009765625e-04 4.954838752746582031e-02
1.692224442843358040e+09 5.426406860351562500e-04 3.837871551513671875e-02
1.692224448932534218e+09 1.978874206542968750e-04 3.659629821777343750e-02
1.692224455027697325e+09 2.908706665039062500e-04 8.383536338806152344e-02
1.692224461184802294e+09 5.936622619628906250e-04 1.106925010681152344e-01
1.692224467304928541e+09 3.516912460327148438e-03 8.107590675354003906e-02
1.692224473479721785e+09 5.095005035400390625e-04 4.959630966186523438e-02
1.692224479543434381e+09 5.230903625488281250e-04 4.903841018676757812e-02
1.692224485642795563e+09 1.990795135498046875e-04 7.978320121765136719e-02
1.692224491774223089e+09 5.280971527099609375e-04 8.771514892578125000e-02
1.692224497884318590e+09 5.054473876953125000e-04 5.328941345214843750e-02
1.692224503947058916e+09 2.658367156982421875e-04 7.007455825805664062e-02
