1.692270304308361053e+09 4.432201385498046875e-04 8.843016624450683594e-02
1.692270310613002539e+09 3.271102905273437500e-04 1.036844253540039062e-01
1.692270316713240385e+09 2.932548522949218750e-04 1.256628036499023438e-01
1.692270323037860632e+09 8.757114410400390625e-04 2.245178222656250000e-01
1.692270329135463953e+09 3.478527069091796875e-04 1.018757820129394531e-01
1.692270335311329365e+09 7.486343383789062500e-04 1.242306232452392578e-01
1.692270341634096146e+09 5.071163177490234375e-04 1.020290851593017578e-01
1.692270347712949514e+09 1.770019531250000000e-03 1.578078269958496094e-01
1.692270354184939861e+09 2.892017364501953125e-04 1.123013496398925781e-01
1.692270360222376347e+09 2.865791320800781250e-04 1.014170646667480469e-01
1.692270366312191725e+09 1.217603683471679688e-03 1.572065353393554688e-01
1.692270372371694803e+09 5.347728729248046875e-04 1.775670051574707031e-01
1.692270378591735363e+09 7.734298706054687500e-04 1.862666606903076172e-01
1.692270384696414709e+09 3.936290740966796875e-04 7.317638397216796875e-02
1.692270390983811855e+09 4.305839538574218750e-04 9.911036491394042969e-02
1.692270397213612318e+09 2.415180206298828125e-04 1.115579605102539062e-01
1.692270403524283171e+09 2.701282501220703125e-04 4.582715034484863281e-02
1.692270409855140924e+09 1.268386840820312500e-03 1.425049304962158203e-01
1.692270415959037304e+09 3.733634948730468750e-04 1.097760200500488281e-01
1.692270421920639277e+09 3.294944763183593750e-04 1.319079399108886719e-01
1.692270428250371218e+09 3.209114074707031250e-04 8.000302314758300781e-02
1.692270434289259195e+09 2.963542938232421875e-04 4.911279678344726562e-02
1.692270440459239960e+09 2.617835998535156250e-04 4.802155494689941406e-02
1.692270446559708118e+09 1.783847808837890625e-03 9.106111526489257812e-02
1.692270452718946218e+09 8.552074432373046875e-04 1.946253776550292969e-01
1.692270458936206579e+09 3.049373626708984375e-04 1.069593429565429688e-01
1.692270465115888119e+09 6.394386291503906250e-04 1.301088333129882812e-01
1.692270471241317511e+09 3.299713134765625000e-04 9.392762184143066406e-02
1.692270477504085302e+09 7.810592651367187500e-04 1.000897884368896484e-01
1.692270483620049238e+09 5.548000335693359375e-04 9.067320823669433594e-02
