1.692220857829732656e+09 6.191730499267578125e-04 4.344558715820312500e-02
1.692220863974504709e+09 1.763343811035156250e-03 8.682441711425781250e-02
1.692220870117176533e+09 8.633136749267578125e-04 6.105351448059082031e-02
1.692220876197300434e+09 1.845359802246093750e-04 3.790116310119628906e-02
1.692220882265346289e+09 2.318620681762695312e-03 7.897472381591796875e-02
1.692220888416443586e+09 3.051757812500000000e-04 3.587269783020019531e-02
1.692220894463759422e+09 1.952648162841796875e-04 8.964824676513671875e-02
1.692220900616229773e+09 5.543231964111328125e-04 4.631161689758300781e-02
1.692220906677558184e+09 5.044937133789062500e-04 4.571151733398437500e-02
1.692220912776329994e+09 5.445480346679687500e-04 4.274225234985351562e-02
1.692220918874099016e+09 1.976490020751953125e-04 3.598070144653320312e-02
1.692220924962502241e+09 5.543231964111328125e-04 9.520292282104492188e-02
1.692220931126993656e+09 3.123998641967773438e-03 8.770108222961425781e-02
1.692220937323850155e+09 5.960464477539062500e-04 8.217597007751464844e-02
1.692220943413206339e+09 5.226135253906250000e-04 4.248380661010742188e-02
1.692220949472699881e+09 3.626346588134765625e-04 4.160070419311523438e-02
1.692220955569737673e+09 1.966953277587890625e-04 5.983328819274902344e-02
1.692220961690533400e+09 5.202293395996093750e-04 7.463479042053222656e-02
1.692220967809264421e+09 5.836486816406250000e-04 1.208965778350830078e-01
1.692220973952396154e+09 3.543138504028320312e-03 7.718133926391601562e-02
1.692220980124731064e+09 6.589889526367187500e-04 4.062056541442871094e-02
1.692220986172272682e+09 3.285408020019531250e-04 5.689263343811035156e-02
1.692220992301011086e+09 5.557537078857421875e-04 8.322381973266601562e-02
1.692220998439283609e+09 1.688241958618164062e-03 7.646727561950683594e-02
1.692221004609714508e+09 1.928806304931640625e-04 9.357333183288574219e-02
1.692221010747159004e+09 3.213882446289062500e-04 3.282666206359863281e-02
1.692221016861696959e+09 5.226135253906250000e-04 7.643723487854003906e-02
1.692221023008676529e+09 5.264282226562500000e-04 4.212689399719238281e-02
1.692221029073401213e+09 3.312110900878906250e-03 4.597282409667968750e-02
1.692221035179620266e+09 1.046895980834960938e-03 8.647155761718750000e-02
