1.692260523565009832e+09 3.294944763183593750e-04 9.714794158935546875e-02
1.692260529863740444e+09 5.028247833251953125e-04 9.145784378051757812e-02
1.692260536164154291e+09 2.448558807373046875e-04 1.762447357177734375e-01
1.692260542541241169e+09 4.000663757324218750e-04 8.118629455566406250e-02
1.692260548647542238e+09 3.719329833984375000e-04 1.554539203643798828e-01
1.692260554821055651e+09 1.257419586181640625e-03 1.661920547485351562e-01
1.692260561050890684e+09 2.391338348388671875e-04 1.148881912231445312e-01
1.692260567184030056e+09 5.080699920654296875e-04 8.854079246520996094e-02
1.692260573575256824e+09 3.840923309326171875e-04 1.657152175903320312e-01
1.692260579933124065e+09 5.471229553222656250e-03 9.305500984191894531e-02
1.692260585869727850e+09 2.641677856445312500e-04 5.717968940734863281e-02
1.692260591923387289e+09 7.600784301757812500e-04 1.000487804412841797e-01
1.692260598184182882e+09 3.108978271484375000e-04 6.591248512268066406e-02
1.692260604132633924e+09 5.993843078613281250e-04 2.321407794952392578e-01
1.692260610605210781e+09 2.083063125610351562e-03 1.561000347137451172e-01
1.692260616729530334e+09 2.419948577880859375e-04 1.141183376312255859e-01
1.692260622780401707e+09 2.486705780029296875e-04 6.550717353820800781e-02
1.692260628849320889e+09 2.930164337158203125e-04 1.460833549499511719e-01
1.692260634913101196e+09 4.193782806396484375e-04 1.574144363403320312e-01
1.692260641233601570e+09 4.680156707763671875e-04 6.252837181091308594e-02
1.692260647432865620e+09 2.574920654296875000e-04 1.292235851287841797e-01
1.692260653596044302e+09 2.520084381103515625e-04 1.377828121185302734e-01
1.692260659709277630e+09 2.365112304687500000e-04 8.780837059020996094e-02
1.692260665853404999e+09 4.980564117431640625e-04 1.679995059967041016e-01
1.692260671937177420e+09 2.501010894775390625e-04 1.226024627685546875e-01
1.692260678087810278e+09 3.402709960937500000e-03 1.833593845367431641e-01
1.692260684255131245e+09 2.448558807373046875e-04 6.314325332641601562e-02
1.692260690430021286e+09 7.758140563964843750e-04 1.390912532806396484e-01
1.692260696706606627e+09 3.979206085205078125e-03 1.626412868499755859e-01
1.692260702938941956e+09 4.594326019287109375e-04 9.749317169189453125e-02
