1.692269358181272745e+09 9.453296661376953125e-04 1.453728675842285156e-01
1.692269364336474419e+09 5.636215209960937500e-04 1.466460227966308594e-01
1.692269370420833826e+09 2.944469451904296875e-04 2.018284797668457031e-01
1.692269376374311924e+09 4.200935363769531250e-04 1.267609596252441406e-01
1.692269382602485418e+09 8.420944213867187500e-04 1.565563678741455078e-01
1.692269388736206293e+09 3.793239593505859375e-04 1.798772811889648438e-01
1.692269395052685976e+09 4.818439483642578125e-04 6.959080696105957031e-02
1.692269401253995419e+09 6.511211395263671875e-04 1.704280376434326172e-01
1.692269407460951328e+09 2.188920974731445312e-03 2.395579814910888672e-01
1.692269413841026068e+09 1.411437988281250000e-03 9.567070007324218750e-02
1.692269419874284506e+09 8.392333984375000000e-04 1.265490055084228516e-01
1.692269426104062557e+09 3.471374511718750000e-04 5.997800827026367188e-02
1.692269432037737846e+09 9.486675262451171875e-04 2.415208816528320312e-01
1.692269438333491564e+09 4.203319549560546875e-04 3.524372577667236328e-01
1.692269444625945091e+09 6.108283996582031250e-04 2.848582267761230469e-01
1.692269450959930182e+09 1.105308532714843750e-03 3.328874111175537109e-01
1.692269457332961798e+09 4.103183746337890625e-04 1.673591136932373047e-01
1.692269463440216780e+09 4.029273986816406250e-04 8.138227462768554688e-02
1.692269469555420876e+09 4.110336303710937500e-04 5.815768241882324219e-02
1.692269475531051159e+09 1.265048980712890625e-03 1.762661933898925781e-01
1.692269481657138109e+09 1.588582992553710938e-03 7.540774345397949219e-02
1.692269487853540182e+09 3.800392150878906250e-04 5.374145507812500000e-02
1.692269493827159643e+09 4.022121429443359375e-04 1.127650737762451172e-01
1.692269500185736895e+09 3.657341003417968750e-04 1.769232749938964844e-01
1.692269506349706411e+09 8.502006530761718750e-04 9.826564788818359375e-02
1.692269512574321985e+09 4.131793975830078125e-04 5.789756774902343750e-02
1.692269518938578129e+09 3.545284271240234375e-04 9.362316131591796875e-02
1.692269524966777563e+09 3.819465637207031250e-04 1.497571468353271484e-01
1.692269531133017302e+09 3.981590270996093750e-04 1.171689033508300781e-01
1.692269537290036201e+09 2.911090850830078125e-04 1.917717456817626953e-01
