1.692207354597059250e+09 2.861022949218750000e-04 1.055095195770263672e-01
1.692207360802629471e+09 1.794338226318359375e-03 2.798693180084228516e-01
1.692207367185831547e+09 1.526117324829101562e-03 7.499122619628906250e-02
1.692207373273575306e+09 5.180835723876953125e-04 1.292216777801513672e-01
1.692207379432815075e+09 2.887248992919921875e-04 1.507155895233154297e-01
1.692207385653649569e+09 1.592159271240234375e-03 1.601698398590087891e-01
1.692207391882114649e+09 7.724761962890625000e-04 1.534802913665771484e-01
1.692207398050491810e+09 3.540515899658203125e-04 1.210277080535888672e-01
1.692207404216464520e+09 2.621173858642578125e-03 9.158396720886230469e-02
1.692207410395209074e+09 6.065130233764648438e-03 1.004068851470947266e-01
1.692207416610521793e+09 4.312992095947265625e-04 7.988023757934570312e-02
1.692207422784622908e+09 9.033679962158203125e-04 1.969351768493652344e-01
1.692207429000707388e+09 5.991458892822265625e-04 2.131745815277099609e-01
1.692207435309988976e+09 2.334117889404296875e-04 1.263136863708496094e-01
1.692207441523230791e+09 2.744197845458984375e-04 1.303818225860595703e-01
1.692207447726801634e+09 3.106594085693359375e-04 1.543505191802978516e-01
1.692207453948915482e+09 1.248836517333984375e-03 1.543304920196533203e-01
1.692207460159950495e+09 1.040935516357421875e-03 1.612176895141601562e-01
1.692207466373293638e+09 3.268718719482421875e-04 6.889343261718750000e-02
1.692207472464518309e+09 2.372264862060546875e-04 1.131312847137451172e-01
1.692207478606858730e+09 2.326965332031250000e-04 1.679258346557617188e-01
1.692207484861920118e+09 9.059906005859375000e-04 8.925557136535644531e-02
1.692207491000455141e+09 7.476806640625000000e-04 9.809970855712890625e-02
1.692207497200444460e+09 1.245498657226562500e-03 1.467890739440917969e-01
1.692207503442844391e+09 2.346038818359375000e-04 6.086516380310058594e-02
1.692207509555878162e+09 1.131534576416015625e-03 9.014892578125000000e-02
1.692207515688804865e+09 3.101825714111328125e-04 7.901334762573242188e-02
1.692207521782179594e+09 1.124858856201171875e-03 1.577849388122558594e-01
1.692207527959992647e+09 2.288818359375000000e-04 6.017041206359863281e-02
1.692207534057640791e+09 2.870559692382812500e-04 5.595707893371582031e-02
