1.692262513530359983e+09 6.282329559326171875e-04 5.415606498718261719e-02
1.692262519568213701e+09 2.329349517822265625e-04 3.307175636291503906e-02
1.692262525565623283e+09 5.288124084472656250e-04 9.157228469848632812e-02
1.692262531709998369e+09 2.441406250000000000e-04 4.702067375183105469e-02
1.692262537958956718e+09 5.786418914794921875e-04 4.700469970703125000e-02
1.692262544161202192e+09 3.726482391357421875e-04 6.813669204711914062e-02
1.692262550280863047e+09 2.373385429382324219e-02 9.273076057434082031e-02
1.692262556329943419e+09 2.737045288085937500e-04 6.402587890625000000e-02
1.692262562275365591e+09 3.397464752197265625e-04 7.564139366149902344e-02
1.692262568402234793e+09 5.738735198974609375e-04 4.226493835449218750e-02
1.692262574456340075e+09 5.004405975341796875e-04 1.093487739562988281e-01
1.692262580523209810e+09 5.421638488769531250e-04 4.680180549621582031e-02
1.692262586660381317e+09 1.938343048095703125e-04 8.155488967895507812e-02
1.692262592699607849e+09 5.009174346923828125e-04 4.449486732482910156e-02
1.692262598958647251e+09 5.128383636474609375e-04 7.673692703247070312e-02
1.692262604992326736e+09 3.359317779541015625e-04 7.227754592895507812e-02
1.692262611184095383e+09 2.176761627197265625e-04 9.432101249694824219e-02
1.692262617307328224e+09 1.735687255859375000e-04 6.135344505310058594e-02
1.692262623476156235e+09 5.199909210205078125e-04 4.846715927124023438e-02
1.692262629762506485e+09 4.584789276123046875e-04 7.801938056945800781e-02
1.692262636108553648e+09 5.340576171875000000e-04 6.046867370605468750e-02
1.692262642374742746e+09 2.212524414062500000e-04 4.661130905151367188e-02
1.692262648568625927e+09 5.290508270263671875e-04 4.351639747619628906e-02
1.692262654557248831e+09 5.512237548828125000e-04 4.959034919738769531e-02
1.692262660764037848e+09 5.474090576171875000e-04 8.334660530090332031e-02
1.692262666817299604e+09 4.312992095947265625e-04 8.038353919982910156e-02
1.692262673003239632e+09 8.342266082763671875e-04 1.246581077575683594e-01
1.692262679141280174e+09 2.658843994140625000e-03 5.878114700317382812e-02
1.692262685474893808e+09 4.954338073730468750e-04 9.362888336181640625e-02
1.692262691807973623e+09 3.738403320312500000e-04 6.556057929992675781e-02
