1.692272288428109646e+09 2.484798431396484375e-03 3.947472572326660156e-02
1.692272294370452881e+09 8.420944213867187500e-04 6.961488723754882812e-02
1.692272300602816820e+09 9.033679962158203125e-04 4.380655288696289062e-02
1.692272306676149607e+09 1.594066619873046875e-03 8.788371086120605469e-02
1.692272312736663580e+09 1.728534698486328125e-04 3.523039817810058594e-02
1.692272318964442015e+09 6.527900695800781250e-04 4.578781127929687500e-02
1.692272324977172136e+09 2.040863037109375000e-04 8.593940734863281250e-02
1.692272331018467426e+09 5.822181701660156250e-04 8.105134963989257812e-02
1.692272337234843254e+09 2.868175506591796875e-04 3.192782402038574219e-02
1.692272343361045361e+09 5.538463592529296875e-04 3.897953033447265625e-02
1.692272349569574118e+09 1.773834228515625000e-04 6.573963165283203125e-02
1.692272355610778093e+09 2.007484436035156250e-04 4.999327659606933594e-02
1.692272361583757401e+09 5.390644073486328125e-04 4.307317733764648438e-02
1.692272367873606682e+09 5.538463592529296875e-04 6.253409385681152344e-02
1.692272374292548180e+09 1.935958862304687500e-04 7.252287864685058594e-02
1.692272380503263474e+09 2.262592315673828125e-04 7.015490531921386719e-02
1.692272386622804642e+09 1.933574676513671875e-04 3.923010826110839844e-02
1.692272392767025471e+09 7.366657257080078125e-03 7.322239875793457031e-02
1.692272398912531614e+09 8.778572082519531250e-04 5.640864372253417969e-02
1.692272405085292339e+09 2.031326293945312500e-04 7.373380661010742188e-02
1.692272411207037926e+09 5.805492401123046875e-04 7.858085632324218750e-02
1.692272417309647799e+09 5.569458007812500000e-04 3.960514068603515625e-02
1.692272423370216608e+09 5.593299865722656250e-04 4.428839683532714844e-02
1.692272429475047350e+09 5.030632019042968750e-04 4.076981544494628906e-02
1.692272435571613073e+09 2.017021179199218750e-04 4.490256309509277344e-02
1.692272441874775887e+09 1.710414886474609375e-03 8.683013916015625000e-02
1.692272448019001007e+09 3.123283386230468750e-04 3.743076324462890625e-02
1.692272454167025805e+09 3.790855407714843750e-04 3.146743774414062500e-02
1.692272460360808372e+09 2.899169921875000000e-04 5.949020385742187500e-02
1.692272466588981628e+09 1.012563705444335938e-03 7.092428207397460938e-02
