1.692269765714652300e+09 2.698898315429687500e-04 4.062724113464355469e-02
1.692269771957126856e+09 1.997947692871093750e-04 7.653474807739257812e-02
1.692269778110764503e+09 5.302429199218750000e-04 5.184412002563476562e-02
1.692269784168569565e+09 2.131462097167968750e-04 6.812334060668945312e-02
1.692269790483742714e+09 1.059532165527343750e-03 7.868313789367675781e-02
1.692269796700603247e+09 5.018711090087890625e-04 5.324244499206542969e-02
1.692269802769305944e+09 5.264282226562500000e-04 1.166520118713378906e-01
1.692269809043798208e+09 5.929470062255859375e-04 4.293799400329589844e-02
1.692269815058922529e+09 1.907348632812500000e-04 3.479361534118652344e-02
1.692269821147963285e+09 1.951217651367187500e-03 7.851052284240722656e-02
1.692269827312617779e+09 5.383491516113281250e-04 4.725384712219238281e-02
1.692269833262596607e+09 1.764297485351562500e-04 3.623080253601074219e-02
1.692269839149554014e+09 5.016326904296875000e-04 4.905939102172851562e-02
1.692269845164824009e+09 9.737014770507812500e-04 1.053824424743652344e-01
1.692269851230269670e+09 2.577304840087890625e-04 4.269862174987792969e-02
1.692269857359343529e+09 5.195140838623046875e-04 4.036068916320800781e-02
1.692269863356518269e+09 4.990100860595703125e-04 7.015728950500488281e-02
1.692269869387237310e+09 5.116462707519531250e-04 4.312300682067871094e-02
1.692269875658980846e+09 4.129409790039062500e-04 3.834581375122070312e-02
1.692269881753249645e+09 1.766681671142578125e-04 6.471514701843261719e-02
1.692269887879314899e+09 1.878738403320312500e-04 4.160571098327636719e-02
1.692269893855618477e+09 5.021095275878906250e-04 4.134202003479003906e-02
1.692269899857275248e+09 1.993179321289062500e-04 5.242252349853515625e-02
1.692269905965738773e+09 1.890659332275390625e-04 3.869581222534179688e-02
1.692269911952823639e+09 2.517700195312500000e-04 6.857442855834960938e-02
1.692269918101657152e+09 5.481243133544921875e-04 4.366588592529296875e-02
1.692269924159891129e+09 1.840591430664062500e-04 2.977204322814941406e-02
1.692269930243413687e+09 5.750656127929687500e-04 4.378318786621093750e-02
1.692269936259926319e+09 5.671977996826171875e-04 7.945871353149414062e-02
1.692269942598619461e+09 6.117820739746093750e-04 8.874988555908203125e-02
