1.692205461521590710e+09 3.280639648437500000e-04 1.037130355834960938e-01
1.692205467735823870e+09 3.018379211425781250e-04 4.936718940734863281e-02
1.692205473871750593e+09 3.550052642822265625e-04 1.891672611236572266e-01
1.692205480120037794e+09 2.622604370117187500e-04 1.819934844970703125e-01
1.692205486403419971e+09 5.393028259277343750e-04 1.102452278137207031e-01
1.692205492534451008e+09 2.360343933105468750e-04 1.403105258941650391e-01
1.692205498762314081e+09 2.343654632568359375e-04 2.143366336822509766e-01
1.692205505039470434e+09 7.977485656738281250e-04 1.348624229431152344e-01
1.692205511262324095e+09 5.965232849121093750e-04 7.303094863891601562e-02
1.692205517399782658e+09 1.867055892944335938e-03 1.650483608245849609e-01
1.692205523591109514e+09 3.569126129150390625e-04 1.111593246459960938e-01
1.692205529738892794e+09 2.776861190795898438e-03 1.716804504394531250e-01
1.692205536002569199e+09 2.198934555053710938e-03 1.605672836303710938e-01
1.692205542189105272e+09 2.346038818359375000e-04 5.038523674011230469e-02
1.692205548272003412e+09 2.379417419433593750e-04 1.095044612884521484e-01
1.692205554435887575e+09 2.341270446777343750e-04 1.685075759887695312e-01
1.692205560690538645e+09 8.941888809204101562e-03 8.964133262634277344e-02
1.692205566824710369e+09 3.452301025390625000e-04 1.767582893371582031e-01
1.692205573099646330e+09 1.109600067138671875e-03 9.918832778930664062e-02
1.692205579224283457e+09 3.829002380371093750e-04 7.457542419433593750e-02
1.692205585401703358e+09 2.322196960449218750e-04 5.012559890747070312e-02
1.692205591473401546e+09 2.477169036865234375e-04 1.560611724853515625e-01
1.692205597681244135e+09 2.567768096923828125e-04 1.034011840820312500e-01
1.692205603828491211e+09 6.184577941894531250e-03 1.150221824645996094e-01
1.692205610046715260e+09 2.455711364746093750e-04 1.098549365997314453e-01
1.692205616231461763e+09 4.191398620605468750e-04 9.996175765991210938e-02
1.692205622426315069e+09 3.340244293212890625e-04 9.138083457946777344e-02
1.692205628614092112e+09 3.445148468017578125e-04 1.185410022735595703e-01
1.692205634740647078e+09 2.377033233642578125e-04 9.533452987670898438e-02
1.692205640916990042e+09 7.846832275390625000e-03 9.356069564819335938e-02
