1.692260306028099060e+09 5.855560302734375000e-04 8.479976654052734375e-02
1.692260312017459631e+09 5.373954772949218750e-04 4.760050773620605469e-02
1.692260318161263466e+09 3.640651702880859375e-04 8.404803276062011719e-02
1.692260324096161366e+09 4.730224609375000000e-04 1.049411296844482422e-01
1.692260330233672619e+09 1.030206680297851562e-03 8.152294158935546875e-02
1.692260336400979280e+09 5.488395690917968750e-04 1.374628543853759766e-01
1.692260342550338745e+09 6.208419799804687500e-04 4.290771484375000000e-02
1.692260348956788540e+09 8.220672607421875000e-04 4.643273353576660156e-02
1.692260354961594343e+09 5.226135253906250000e-04 4.690814018249511719e-02
1.692260361059907436e+09 7.324218750000000000e-04 4.148483276367187500e-02
1.692260367255591869e+09 5.395412445068359375e-04 8.915209770202636719e-02
1.692260373302404642e+09 6.442070007324218750e-04 5.140352249145507812e-02
1.692260379563925743e+09 3.941059112548828125e-04 4.533958435058593750e-02
1.692260385657094002e+09 8.301734924316406250e-04 4.284739494323730469e-02
1.692260391858189344e+09 5.114078521728515625e-04 8.177852630615234375e-02
1.692260397894911051e+09 1.778602600097656250e-04 4.315376281738281250e-02
1.692260403855190039e+09 8.182525634765625000e-04 4.741597175598144531e-02
1.692260410062800169e+09 5.650520324707031250e-04 5.464649200439453125e-02
1.692260416268045902e+09 5.369186401367187500e-04 4.852151870727539062e-02
1.692260422361999273e+09 8.990764617919921875e-04 4.674673080444335938e-02
1.692260428562427521e+09 5.321502685546875000e-04 7.570910453796386719e-02
1.692260434799051523e+09 6.351470947265625000e-04 8.300924301147460938e-02
1.692260440810762882e+09 3.414154052734375000e-04 9.581923484802246094e-02
1.692260446723685741e+09 3.235340118408203125e-04 5.932116508483886719e-02
1.692260452670355320e+09 6.103277206420898438e-03 7.940363883972167969e-02
1.692260458618511915e+09 8.749961853027343750e-04 1.253938674926757812e-01
1.692260464541095972e+09 8.802413940429687500e-04 4.325962066650390625e-02
1.692260470558854103e+09 4.150867462158203125e-04 8.317542076110839844e-02
1.692260476628101349e+09 5.071163177490234375e-04 4.475927352905273438e-02
1.692260482757313967e+09 2.007484436035156250e-04 9.382271766662597656e-02
