1.692280356471686363e+09 1.411199569702148438e-03 2.355558872222900391e-01
1.692280362815529585e+09 1.328468322753906250e-03 2.497024536132812500e-01
1.692280369110833168e+09 5.190372467041015625e-04 3.367135524749755859e-01
1.692280375491005182e+09 1.338672637939453125e-02 4.345612525939941406e-01
1.692280381999726534e+09 9.529590606689453125e-04 2.973613739013671875e-01
1.692280388359045744e+09 4.391670227050781250e-04 3.251078128814697266e-01
1.692280394777479172e+09 4.639625549316406250e-04 2.331404685974121094e-01
1.692280401090834856e+09 1.331806182861328125e-03 2.325983047485351562e-01
1.692280407385143757e+09 4.835128784179687500e-04 3.580832481384277344e-01
1.692280413810534954e+09 5.993843078613281250e-04 3.493759632110595703e-01
1.692280420203651428e+09 4.882812500000000000e-04 3.411028385162353516e-01
1.692280426610658407e+09 4.937648773193359375e-04 2.430717945098876953e-01
1.692280432909119129e+09 1.183986663818359375e-03 2.781059741973876953e-01
1.692280439242151737e+09 1.936912536621093750e-03 3.759632110595703125e-01
1.692280445661735058e+09 4.842281341552734375e-04 3.276989459991455078e-01
1.692280452016905546e+09 4.348754882812500000e-04 3.180866241455078125e-01
1.692280458404452324e+09 4.646778106689453125e-04 2.708754539489746094e-01
1.692280464731766462e+09 5.213975906372070312e-03 2.846748828887939453e-01
1.692280471042082310e+09 6.833076477050781250e-04 4.247725009918212891e-01
1.692280477477824211e+09 1.411437988281250000e-03 3.026223182678222656e-01
1.692280483857892752e+09 8.254051208496093750e-04 2.669939994812011719e-01
1.692280490223819256e+09 5.736351013183593750e-04 3.644013404846191406e-01
1.692280496622280121e+09 1.694679260253906250e-03 2.501046657562255859e-01
1.692280502901339769e+09 6.215572357177734375e-04 3.061003684997558594e-01
1.692280509263216257e+09 2.337932586669921875e-03 2.807090282440185547e-01
1.692280515556045532e+09 6.407260894775390625e-03 3.996160030364990234e-01
1.692280522073838472e+09 1.245784759521484375e-02 3.025300502777099609e-01
1.692280528466019154e+09 1.881837844848632812e-03 2.458524703979492188e-01
1.692280534805557013e+09 6.541728973388671875e-03 2.502367496490478516e-01
1.692280541107139587e+09 1.394987106323242188e-03 2.929494380950927734e-01
