1.692224641352976084e+09 2.229213714599609375e-04 3.338074684143066406e-02
1.692224647486571312e+09 2.748966217041015625e-04 4.616022109985351562e-02
1.692224653599585533e+09 1.893043518066406250e-04 3.460121154785156250e-02
1.692224659687644720e+09 3.006458282470703125e-04 6.486821174621582031e-02
1.692224665818376541e+09 2.007484436035156250e-04 2.635502815246582031e-02
1.692224671883715153e+09 1.707077026367187500e-04 3.241348266601562500e-02
1.692224677988004208e+09 1.735687255859375000e-04 5.004596710205078125e-02
1.692224684103255987e+09 2.226829528808593750e-04 8.692145347595214844e-02
1.692224690270391464e+09 4.928112030029296875e-04 5.864500999450683594e-02
1.692224696412111759e+09 5.199909210205078125e-04 3.582763671875000000e-02
1.692224702491224527e+09 1.676082611083984375e-04 3.064346313476562500e-02
1.692224708584019184e+09 8.773803710937500000e-04 9.228992462158203125e-02
1.692224714750093222e+09 5.302429199218750000e-04 4.199433326721191406e-02
1.692224720797432899e+09 1.726150512695312500e-04 3.480243682861328125e-02
1.692224726887876511e+09 1.752376556396484375e-04 3.508806228637695312e-02
1.692224732989647865e+09 5.230903625488281250e-04 1.017770767211914062e-01
1.692224739157157183e+09 3.640890121459960938e-03 7.577848434448242188e-02
1.692224745342586994e+09 5.052089691162109375e-04 9.363508224487304688e-02
1.692224751449132681e+09 5.404949188232421875e-04 9.107089042663574219e-02
1.692224757546853304e+09 5.767345428466796875e-04 3.990387916564941406e-02
1.692224763595562458e+09 2.317428588867187500e-04 4.390430450439453125e-02
1.692224769697254419e+09 2.782344818115234375e-04 5.936217308044433594e-02
1.692224775815268278e+09 4.198312759399414062e-03 7.276654243469238281e-02
1.692224781953538418e+09 2.937316894531250000e-04 6.332516670227050781e-02
1.692224788116256237e+09 5.276203155517578125e-04 1.035144329071044922e-01
1.692224794274143219e+09 1.666545867919921875e-04 7.821750640869140625e-02
1.692224800436005592e+09 8.327960968017578125e-04 3.834915161132812500e-02
1.692224806496324539e+09 4.978179931640625000e-04 3.780508041381835938e-02
1.692224812592840672e+09 5.013942718505859375e-04 3.876638412475585938e-02
1.692224818693382025e+09 2.293586730957031250e-04 5.724620819091796875e-02
