1.692200098088243484e+09 4.045963287353515625e-04 1.404941082000732422e-01
1.692200104345690966e+09 4.024505615234375000e-04 2.200298309326171875e-01
1.692200110608788490e+09 3.113746643066406250e-04 2.465965747833251953e-01
1.692200116935594559e+09 6.566047668457031250e-04 1.488232612609863281e-01
1.692200123144451618e+09 2.343654632568359375e-04 1.274933815002441406e-01
1.692200129314645529e+09 3.948211669921875000e-04 1.144526004791259766e-01
1.692200135503277302e+09 8.084774017333984375e-04 1.895010471343994141e-01
1.692200141779801846e+09 1.432418823242187500e-03 1.834924221038818359e-01
1.692200147994110346e+09 9.746551513671875000e-04 1.892266273498535156e-01
1.692200154291790962e+09 2.455711364746093750e-04 1.629674434661865234e-01
1.692200160553538322e+09 2.930164337158203125e-04 2.020459175109863281e-01
1.692200166790105581e+09 4.665851593017578125e-04 1.765518188476562500e-01
1.692200173070240259e+09 3.066062927246093750e-04 3.068523406982421875e-01
1.692200179396499634e+09 4.894733428955078125e-04 2.429766654968261719e-01
1.692200185732410908e+09 1.252651214599609375e-03 2.463421821594238281e-01
1.692200192040386677e+09 2.560615539550781250e-04 2.135748863220214844e-01
1.692200198301319122e+09 2.555847167968750000e-04 2.517979145050048828e-01
1.692200204640693665e+09 5.214214324951171875e-04 2.963724136352539062e-01
1.692200210991268873e+09 2.298355102539062500e-04 1.757259368896484375e-01
1.692200217280815601e+09 2.555131912231445312e-03 2.339327335357666016e-01
1.692200223529781580e+09 9.970664978027343750e-04 2.646496295928955078e-01
1.692200229861024380e+09 2.319812774658203125e-04 1.280686855316162109e-01
1.692200236019562006e+09 2.393722534179687500e-04 1.018400192260742188e-01
1.692200242189495802e+09 3.492832183837890625e-04 1.636908054351806641e-01
1.692200248451788902e+09 8.425712585449218750e-04 1.194026470184326172e-01
1.692200254608703136e+09 2.381801605224609375e-04 1.004776954650878906e-01
1.692200260793957233e+09 3.330707550048828125e-04 1.074249744415283203e-01
1.692200267001179934e+09 2.942085266113281250e-04 1.052246093750000000e-01
1.692200273195183277e+09 1.699924468994140625e-03 2.733078002929687500e-01
1.692200279568434238e+09 2.653598785400390625e-04 2.596318721771240234e-01
