1.692259577495201349e+09 4.161357879638671875e-03 1.047282218933105469e-01
1.692259583608688593e+09 3.092288970947265625e-04 6.499123573303222656e-02
1.692259589489288568e+09 2.388954162597656250e-04 2.088797092437744141e-01
1.692259595804328680e+09 4.515647888183593750e-04 6.951904296875000000e-02
1.692259601766377211e+09 2.529621124267578125e-04 9.514403343200683594e-02
1.692259607890851498e+09 2.310514450073242188e-03 4.610641002655029297e-01
1.692259614405361652e+09 2.677440643310546875e-04 6.357717514038085938e-02
1.692259620660432339e+09 8.361339569091796875e-04 2.062444686889648438e-01
1.692259626917594910e+09 5.240440368652343750e-04 2.251968383789062500e-01
1.692259633222888470e+09 3.430843353271484375e-04 1.759300231933593750e-01
1.692259639374549389e+09 2.577304840087890625e-04 1.358072757720947266e-01
1.692259645659622908e+09 2.489089965820312500e-04 5.635380744934082031e-02
1.692259651751762629e+09 9.574890136718750000e-04 2.228510379791259766e-01
1.692259658128351927e+09 1.013994216918945312e-03 1.883316040039062500e-01
1.692259664502489805e+09 3.929138183593750000e-04 1.110675334930419922e-01
1.692259670707331419e+09 2.424716949462890625e-04 1.948244571685791016e-01
1.692259676890338898e+09 7.109642028808593750e-04 1.222743988037109375e-01
1.692259682921551943e+09 2.586841583251953125e-04 1.334645748138427734e-01
1.692259689047396660e+09 1.103162765502929688e-03 1.827671527862548828e-01
1.692259695388662100e+09 2.410411834716796875e-04 1.666471958160400391e-01
1.692259701661786795e+09 2.858638763427734375e-04 1.537115573883056641e-01
1.692259707949862719e+09 7.889270782470703125e-04 3.866660594940185547e-01
1.692259714428265572e+09 1.069545745849609375e-03 1.988129615783691406e-01
1.692259720608417511e+09 2.398490905761718750e-04 1.314892768859863281e-01
1.692259726927424669e+09 5.788803100585937500e-04 1.836607456207275391e-01
1.692259733282562971e+09 2.400875091552734375e-04 1.748032569885253906e-01
1.692259739470313311e+09 2.541542053222656250e-04 1.179301738739013672e-01
1.692259745617836237e+09 1.047134399414062500e-03 1.698389053344726562e-01
1.692259751668544769e+09 5.739450454711914062e-03 1.371700763702392578e-01
1.692259757840971708e+09 4.065036773681640625e-04 1.856584548950195312e-01
