1.692213906546694994e+09 3.180503845214843750e-04 6.716513633728027344e-02
1.692213912711498499e+09 3.170967102050781250e-04 6.008338928222656250e-02
1.692213918804454327e+09 6.544589996337890625e-04 1.249954700469970703e-01
1.692213924971784115e+09 2.481937408447265625e-04 2.427575588226318359e-01
1.692213931287455082e+09 6.093978881835937500e-04 1.709675788879394531e-01
1.692213937532665253e+09 2.615451812744140625e-04 1.164155006408691406e-01
1.692213943661044598e+09 4.575252532958984375e-04 1.621220111846923828e-01
1.692213949913157225e+09 3.321170806884765625e-04 3.041946887969970703e-01
1.692213956252919197e+09 2.541542053222656250e-04 1.089351177215576172e-01
1.692213962454735518e+09 2.548694610595703125e-04 1.708066463470458984e-01
1.692213968715808392e+09 3.566741943359375000e-04 1.995797157287597656e-01
1.692213974948527813e+09 5.223751068115234375e-04 1.957366466522216797e-01
1.692213981241704226e+09 2.553462982177734375e-04 1.319520473480224609e-01
1.692213987376507044e+09 2.963542938232421875e-04 9.771776199340820312e-02
1.692213993554433823e+09 2.377033233642578125e-04 1.192047595977783203e-01
1.692213999768170118e+09 3.056526184082031250e-04 1.715786457061767578e-01
1.692214006017142534e+09 2.417564392089843750e-04 2.212669849395751953e-01
1.692214012265956163e+09 2.565383911132812500e-04 1.170709133148193359e-01
1.692214018462068796e+09 9.644031524658203125e-04 1.497921943664550781e-01
1.692214024697813988e+09 2.274513244628906250e-04 6.110525131225585938e-02
1.692214030808384657e+09 3.204345703125000000e-04 1.653079986572265625e-01
1.692214037018904209e+09 3.082752227783203125e-04 1.223781108856201172e-01
1.692214043167576075e+09 3.526210784912109375e-04 1.857950687408447266e-01
1.692214049432876587e+09 3.015995025634765625e-04 1.760876178741455078e-01
1.692214055627427578e+09 4.259109497070312500e-03 1.486978530883789062e-01
1.692214061800807476e+09 2.498626708984375000e-04 6.405234336853027344e-02
1.692214067909081459e+09 3.101825714111328125e-04 1.372315883636474609e-01
1.692214074082837582e+09 2.696514129638671875e-04 1.796283721923828125e-01
1.692214080325489998e+09 6.687641143798828125e-04 2.089984416961669922e-01
1.692214086557161093e+09 2.415180206298828125e-04 1.586227416992187500e-01
