1.692214235622615814e+09 2.350807189941406250e-04 3.150987625122070312e-02
1.692214241746688128e+09 6.315708160400390625e-04 1.056482791900634766e-01
1.692214247906082392e+09 2.861022949218750000e-04 6.144595146179199219e-02
1.692214254064175367e+09 4.837512969970703125e-04 4.482936859130859375e-02
1.692214260158975363e+09 2.202987670898437500e-04 6.325817108154296875e-02
1.692214266271254301e+09 5.621910095214843750e-04 1.047077178955078125e-01
1.692214272404851913e+09 1.747608184814453125e-04 3.411269187927246094e-02
1.692214278531757832e+09 3.101825714111328125e-04 4.441356658935546875e-02
1.692214284642377615e+09 4.997253417968750000e-04 8.745265007019042969e-02
1.692214290808588028e+09 5.731582641601562500e-04 4.161620140075683594e-02
1.692214296941606998e+09 7.560253143310546875e-04 4.359626770019531250e-02
1.692214303044164181e+09 1.802444458007812500e-04 7.923722267150878906e-02
1.692214309177432537e+09 4.464626312255859375e-03 8.495926856994628906e-02
1.692214315303485155e+09 4.518032073974609375e-04 4.523634910583496094e-02
1.692214321465974331e+09 6.339550018310546875e-04 4.132866859436035156e-02
1.692214327541725159e+09 1.764297485351562500e-04 3.330421447753906250e-02
1.692214333631168365e+09 1.990795135498046875e-04 7.838058471679687500e-02
1.692214339777782440e+09 5.302429199218750000e-04 1.149640083312988281e-01
1.692214345914950848e+09 6.015300750732421875e-04 5.475950241088867188e-02
1.692214352055495739e+09 5.514621734619140625e-04 1.061191558837890625e-01
1.692214358211970806e+09 2.105236053466796875e-04 3.546953201293945312e-02
1.692214364333179951e+09 1.854896545410156250e-04 3.467273712158203125e-02
1.692214370432048798e+09 1.520633697509765625e-03 8.202290534973144531e-02
1.692214376584673643e+09 5.612373352050781250e-04 1.083078384399414062e-01
1.692214382708690405e+09 4.873275756835937500e-04 4.864764213562011719e-02
1.692214388847609997e+09 1.890659332275390625e-04 8.293485641479492188e-02
1.692214394997708797e+09 4.274845123291015625e-04 5.828642845153808594e-02
1.692214401156774759e+09 5.798339843750000000e-04 1.112289428710937500e-01
1.692214407312108040e+09 2.663135528564453125e-04 4.163861274719238281e-02
1.692214413440253258e+09 7.832050323486328125e-04 1.110792160034179688e-01
