1.692219596527098656e+09 6.546974182128906250e-04 9.307622909545898438e-02
1.692219602717404366e+09 2.176761627197265625e-04 7.484173774719238281e-02
1.692219608804855347e+09 2.629756927490234375e-04 9.243416786193847656e-02
1.692219614937482357e+09 1.966953277587890625e-04 3.628849983215332031e-02
1.692219621058129311e+09 1.788139343261718750e-04 4.615283012390136719e-02
1.692219627171359062e+09 2.479553222656250000e-04 6.533265113830566406e-02
1.692219633287062645e+09 1.182508468627929688e-02 8.534812927246093750e-02
1.692219639430605412e+09 1.907348632812500000e-04 3.309774398803710938e-02
1.692219645555493832e+09 1.730918884277343750e-04 6.201696395874023438e-02
1.692219651684563875e+09 1.795291900634765625e-04 6.802153587341308594e-02
1.692219657805180550e+09 5.805492401123046875e-04 1.017606258392333984e-01
1.692219663925894976e+09 2.968311309814453125e-04 4.795789718627929688e-02
1.692219670070558071e+09 2.202510833740234375e-03 8.508372306823730469e-02
1.692219676225092173e+09 2.191066741943359375e-04 8.165836334228515625e-02
1.692219682427087069e+09 4.367828369140625000e-04 5.924344062805175781e-02
1.692219688581251383e+09 2.586364746093750000e-03 8.171081542968750000e-02
1.692219694739613056e+09 2.136230468750000000e-04 8.508372306823730469e-02
1.692219700913410425e+09 7.889270782470703125e-04 9.370708465576171875e-02
1.692219707020284891e+09 7.908344268798828125e-04 5.181860923767089844e-02
1.692219713078218937e+09 4.014968872070312500e-04 6.911706924438476562e-02
1.692219719192429304e+09 5.226135253906250000e-04 9.693431854248046875e-02
1.692219725330623388e+09 4.863739013671875000e-03 8.442640304565429688e-02
1.692219731521336794e+09 9.577035903930664062e-03 9.224915504455566406e-02
1.692219737731230736e+09 8.738040924072265625e-04 1.028754711151123047e-01
1.692219743929854631e+09 4.720687866210937500e-04 6.781005859375000000e-02
1.692219750096241951e+09 4.930496215820312500e-04 1.091244220733642578e-01
1.692219756233298540e+09 7.240772247314453125e-04 5.250263214111328125e-02
1.692219762376629829e+09 4.966259002685546875e-04 1.290860176086425781e-01
1.692219768559190035e+09 1.771450042724609375e-04 3.121232986450195312e-02
1.692219774653395891e+09 1.964569091796875000e-04 8.196496963500976562e-02
