1.692267873879409313e+09 6.544589996337890625e-04 4.852390289306640625e-02
1.692267880127171755e+09 2.064704895019531250e-04 9.250664710998535156e-02
1.692267886169295788e+09 6.053447723388671875e-04 7.090783119201660156e-02
1.692267892250147343e+09 5.652904510498046875e-04 7.442784309387207031e-02
1.692267898353727579e+09 5.800724029541015625e-04 4.039502143859863281e-02
1.692267904418605328e+09 1.925325393676757812e-02 1.040565967559814453e-01
1.692267910509296656e+09 4.858970642089843750e-04 5.919981002807617188e-02
1.692267916635304451e+09 5.099773406982421875e-04 4.000163078308105469e-02
1.692267922737254381e+09 1.062393188476562500e-03 1.008212566375732422e-01
1.692267928788023949e+09 1.945495605468750000e-04 5.084753036499023438e-02
1.692267934726124287e+09 5.378007888793945312e-03 7.915830612182617188e-02
1.692267940869707584e+09 2.183914184570312500e-04 4.946827888488769531e-02
1.692267946826416969e+09 5.023479461669921875e-04 1.005845069885253906e-01
1.692267952982311487e+09 8.974075317382812500e-04 4.218959808349609375e-02
1.692267959022957087e+09 5.061626434326171875e-04 4.106473922729492188e-02
1.692267965318904638e+09 3.969669342041015625e-04 5.944252014160156250e-02
1.692267971235067129e+09 1.659870147705078125e-03 4.332399368286132812e-02
1.692267977421602488e+09 7.719993591308593750e-04 4.246544837951660156e-02
1.692267983422654629e+09 6.625652313232421875e-04 4.518556594848632812e-02
1.692267989424010277e+09 5.404949188232421875e-04 5.494856834411621094e-02
1.692267995633461952e+09 6.395578384399414062e-03 6.561636924743652344e-02
1.692268001948762894e+09 5.698204040527343750e-04 1.063425540924072266e-01
1.692268008084786415e+09 2.074241638183593750e-04 6.516385078430175781e-02
1.692268014069135904e+09 5.714893341064453125e-04 8.497452735900878906e-02
1.692268020163736582e+09 5.624294281005859375e-04 1.072497367858886719e-01
1.692268026185627460e+09 8.049011230468750000e-04 8.962559700012207031e-02
1.692268032070153952e+09 5.607604980468750000e-04 5.081915855407714844e-02
1.692268038129177570e+09 2.014636993408203125e-04 7.590794563293457031e-02
1.692268044160232306e+09 1.032352447509765625e-03 8.283948898315429688e-02
1.692268050464161634e+09 8.912086486816406250e-04 4.273152351379394531e-02
