1.692262732539969683e+09 5.114078521728515625e-04 2.221767902374267578e-01
1.692262738764091253e+09 1.024532318115234375e-02 3.843688964843750000e-01
1.692262745135717154e+09 2.511978149414062500e-03 3.723795413970947266e-01
1.692262751414643049e+09 3.545761108398437500e-03 3.937003612518310547e-01
1.692262757937567949e+09 6.573200225830078125e-04 3.049089908599853516e-01
1.692262764342663050e+09 2.649784088134765625e-03 3.454480171203613281e-01
1.692262770588908434e+09 4.472732543945312500e-04 2.819938659667968750e-01
1.692262776926944494e+09 9.415149688720703125e-04 3.743014335632324219e-01
1.692262783411694527e+09 2.641677856445312500e-04 1.200368404388427734e-01
1.692262789753751278e+09 2.367496490478515625e-04 1.464872360229492188e-01
1.692262796082690001e+09 2.639293670654296875e-04 1.526343822479248047e-01
1.692262802287105083e+09 5.939006805419921875e-04 1.952133178710937500e-01
1.692262808532047749e+09 1.051187515258789062e-03 9.491443634033203125e-02
1.692262814735600710e+09 3.595352172851562500e-04 1.195197105407714844e-01
1.692262821054045916e+09 2.489089965820312500e-04 2.296850681304931641e-01
1.692262827463141680e+09 3.578662872314453125e-04 1.430315971374511719e-01
1.692262833676848650e+09 5.888938903808593750e-04 3.490028381347656250e-01
1.692262840084666967e+09 5.252838134765625000e-03 1.500473022460937500e-01
1.692262846193121910e+09 2.653598785400390625e-04 1.127390861511230469e-01
1.692262852447889805e+09 5.805492401123046875e-04 2.117817401885986328e-01
1.692262858866386414e+09 5.350112915039062500e-04 7.677435874938964844e-02
1.692262865016400576e+09 2.582073211669921875e-04 1.165459156036376953e-01
1.692262871150400400e+09 1.270532608032226562e-03 1.922709941864013672e-01
1.692262877540889502e+09 1.140832901000976562e-03 2.767822742462158203e-01
1.692262883913399696e+09 7.495403289794921875e-03 8.804702758789062500e-02
1.692262890229102373e+09 2.985000610351562500e-04 2.269930839538574219e-01
1.692262896561284304e+09 3.096580505371093750e-03 1.744801998138427734e-01
1.692262902927306890e+09 4.546642303466796875e-04 1.085538864135742188e-01
1.692262909066276789e+09 3.376007080078125000e-04 2.418289184570312500e-01
1.692262915404251575e+09 3.230571746826171875e-04 1.856873035430908203e-01
