1.692261785529214144e+09 8.391380310058593750e-03 8.967137336730957031e-02
1.692261791534221649e+09 2.584457397460937500e-04 1.509237289428710938e-01
1.692261797782131195e+09 2.388954162597656250e-04 1.318876743316650391e-01
1.692261803764589787e+09 3.871917724609375000e-04 6.133532524108886719e-02
1.692261809892231464e+09 2.240180969238281250e-03 1.240048408508300781e-01
1.692261816066759109e+09 3.385543823242187500e-04 9.179902076721191406e-02
1.692261822322927713e+09 2.313613891601562500e-03 1.344473361968994141e-01
1.692261828467671633e+09 1.053094863891601562e-03 1.625947952270507812e-01
1.692261834602958918e+09 6.620883941650390625e-04 5.920028686523437500e-02
1.692261840891518116e+09 3.068447113037109375e-04 1.174664497375488281e-01
1.692261847255288839e+09 1.163959503173828125e-03 2.874264717102050781e-01
1.692261853538458824e+09 2.336502075195312500e-04 1.637456417083740234e-01
1.692261859795588732e+09 2.398490905761718750e-04 7.197761535644531250e-02
1.692261865901668549e+09 7.750988006591796875e-04 2.077448368072509766e-01
1.692261872139600992e+09 2.710819244384765625e-04 8.658242225646972656e-02
1.692261878320222139e+09 5.488395690917968750e-04 1.373305320739746094e-01
1.692261884379199028e+09 3.602504730224609375e-04 1.245257854461669922e-01
1.692261890557915449e+09 7.445812225341796875e-04 1.076495647430419922e-01
1.692261896651732445e+09 3.294944763183593750e-04 7.383131980895996094e-02
1.692261902704467058e+09 3.988742828369140625e-04 9.490704536437988281e-02
1.692261908831313372e+09 5.288124084472656250e-04 1.398720741271972656e-01
1.692261914871054173e+09 3.266334533691406250e-04 9.827518463134765625e-02
1.692261920833324432e+09 1.605272293090820312e-03 1.020121574401855469e-01
1.692261927035204411e+09 1.255512237548828125e-03 1.013936996459960938e-01
1.692261933234063387e+09 2.496242523193359375e-04 1.358067989349365234e-01
1.692261939465781212e+09 2.462863922119140625e-04 2.210791110992431641e-01
1.692261945663759708e+09 7.390975952148437500e-04 6.390023231506347656e-02
1.692261951896975994e+09 2.300739288330078125e-04 1.952660083770751953e-01
1.692261958340976000e+09 1.570701599121093750e-03 1.190376281738281250e-01
1.692261964667292356e+09 2.306699752807617188e-03 1.634511947631835938e-01
