1.692212644306835890e+09 1.094841957092285156e-02 1.004316806793212891e-01
1.692212650515701532e+09 4.329681396484375000e-04 2.063283920288085938e-01
1.692212656811161518e+09 2.450942993164062500e-04 1.452040672302246094e-01
1.692212663055771112e+09 4.460811614990234375e-04 1.185343265533447266e-01
1.692212669224780083e+09 2.415180206298828125e-04 9.002804756164550781e-02
1.692212675398928642e+09 2.334117889404296875e-04 1.258316040039062500e-01
1.692212681535037994e+09 2.567768096923828125e-04 1.598103046417236328e-01
1.692212687764548063e+09 2.615451812744140625e-04 1.397855281829833984e-01
1.692212693945302725e+09 2.248287200927734375e-04 1.801984310150146484e-01
1.692212700189562082e+09 2.336502075195312500e-04 1.421442031860351562e-01
1.692212706352022171e+09 2.532005310058593750e-04 9.870386123657226562e-02
1.692212712507778406e+09 7.464885711669921875e-04 1.511406898498535156e-01
1.692212718760984421e+09 3.182888031005859375e-04 1.360454559326171875e-01
1.692212724943282843e+09 3.552436828613281250e-04 7.186484336853027344e-02
1.692212731079527140e+09 3.907680511474609375e-04 5.770921707153320312e-02
1.692212737176073551e+09 2.458095550537109375e-04 5.418300628662109375e-02
1.692212743258184910e+09 2.329349517822265625e-04 1.101994514465332031e-01
1.692212749418029070e+09 9.176731109619140625e-04 1.317813396453857422e-01
1.692212755641513586e+09 4.534721374511718750e-04 1.704134941101074219e-01
1.692212761900493860e+09 2.920627593994140625e-04 1.762747764587402344e-01
1.692212768081071138e+09 3.194808959960937500e-04 1.202585697174072266e-01
1.692212774225748777e+09 2.987384796142578125e-04 1.418077945709228516e-01
1.692212780449759722e+09 1.044034957885742188e-03 2.189543247222900391e-01
1.692212786746726751e+09 3.337860107421875000e-04 1.310126781463623047e-01
1.692212792935393572e+09 2.567768096923828125e-04 1.081211566925048828e-01
1.692212799113684177e+09 2.474784851074218750e-04 5.514693260192871094e-02
1.692212805261865377e+09 9.171962738037109375e-04 1.638572216033935547e-01
1.692212811491083145e+09 5.326271057128906250e-04 1.590161323547363281e-01
1.692212817690298080e+09 2.493858337402343750e-04 1.231994628906250000e-01
1.692212823827070951e+09 5.939006805419921875e-04 6.920242309570312500e-02
