1.692268504860336065e+09 6.806850433349609375e-04 5.321145057678222656e-02
1.692268511013991117e+09 5.800724029541015625e-04 4.049992561340332031e-02
1.692268517201688766e+09 2.076625823974609375e-04 5.620956420898437500e-02
1.692268523516029119e+09 5.345344543457031250e-04 7.781481742858886719e-02
1.692268529655444860e+09 5.826950073242187500e-04 1.039302349090576172e-01
1.692268535672813416e+09 5.416870117187500000e-04 4.171800613403320312e-02
1.692268541702684164e+09 4.189014434814453125e-04 5.226945877075195312e-02
1.692268547813461781e+09 1.895427703857421875e-04 8.070802688598632812e-02
1.692268553951836824e+09 5.323886871337890625e-04 5.020570755004882812e-02
1.692268559911265850e+09 5.416870117187500000e-04 4.263877868652343750e-02
1.692268566103784323e+09 1.940727233886718750e-04 4.270887374877929688e-02
1.692268572201941729e+09 4.615783691406250000e-04 4.276585578918457031e-02
1.692268578502741337e+09 5.042552947998046875e-04 4.372787475585937500e-02
1.692268584704770088e+09 6.747245788574218750e-04 6.151604652404785156e-02
1.692268591022794962e+09 2.713203430175781250e-04 5.480909347534179688e-02
1.692268597115449667e+09 5.669593811035156250e-04 4.290556907653808594e-02
1.692268603304181814e+09 5.650520324707031250e-04 4.563021659851074219e-02
1.692268609406801224e+09 2.651214599609375000e-04 3.882598876953125000e-02
1.692268615498024225e+09 5.064010620117187500e-04 5.200934410095214844e-02
1.692268621412052870e+09 5.760192871093750000e-04 1.122422218322753906e-01
1.692268627575421810e+09 2.002716064453125000e-04 3.337001800537109375e-02
1.692268633693934441e+09 2.012252807617187500e-04 5.258560180664062500e-02
1.692268639813043594e+09 5.974769592285156250e-04 7.875084877014160156e-02
1.692268645942083359e+09 1.811981201171875000e-04 7.850337028503417969e-02
1.692268652136837482e+09 1.668930053710937500e-04 3.927969932556152344e-02
1.692268658297947645e+09 5.433559417724609375e-04 3.962826728820800781e-02
1.692268664401089668e+09 1.533818244934082031e-02 1.125411987304687500e-01
1.692268670692315340e+09 5.292892456054687500e-04 4.426074028015136719e-02
1.692268676705380917e+09 5.009174346923828125e-04 1.129343509674072266e-01
1.692268682774234056e+09 5.192756652832031250e-04 4.447889328002929688e-02
