1.692269989271780729e+09 3.576278686523437500e-04 1.993730068206787109e-01
1.692269995560853720e+09 2.694129943847656250e-04 2.069919109344482422e-01
1.692270001667675495e+09 6.315708160400390625e-04 1.250596046447753906e-01
1.692270008007318258e+09 5.881786346435546875e-04 7.235169410705566406e-02
1.692270014034391165e+09 5.040168762207031250e-04 1.184172630310058594e-01
1.692270020279800415e+09 4.520416259765625000e-04 1.518518924713134766e-01
1.692270026416979313e+09 1.076698303222656250e-03 1.236810684204101562e-01
1.692270032489516497e+09 7.476806640625000000e-04 1.001307964324951172e-01
1.692270038463491917e+09 7.731914520263671875e-04 6.132531166076660156e-02
1.692270044723992586e+09 6.532669067382812500e-04 1.492187976837158203e-01
1.692270050811453342e+09 5.393028259277343750e-03 1.231939792633056641e-01
1.692270056895433426e+09 2.636909484863281250e-04 1.248269081115722656e-01
1.692270063090020180e+09 3.879070281982421875e-04 1.489365100860595703e-01
1.692270069416329861e+09 1.169919967651367188e-03 1.977310180664062500e-01
1.692270075773183346e+09 2.760887145996093750e-04 1.134891510009765625e-01
1.692270081975193262e+09 4.310607910156250000e-04 8.031725883483886719e-02
1.692270087941827059e+09 6.685256958007812500e-04 1.738939285278320312e-01
1.692270094135745764e+09 2.737998962402343750e-03 1.833310127258300781e-01
1.692270100149897337e+09 4.115104675292968750e-04 2.009987831115722656e-01
1.692270106462768316e+09 2.801418304443359375e-04 1.431057453155517578e-01
1.692270112704397202e+09 8.666515350341796875e-04 1.722338199615478516e-01
1.692270118945752144e+09 1.413822174072265625e-03 1.664795875549316406e-01
1.692270125146180153e+09 2.870559692382812500e-04 1.224727630615234375e-01
1.692270131383548260e+09 2.646446228027343750e-04 1.920938491821289062e-01
1.692270137653033733e+09 8.916854858398437500e-04 1.553373336791992188e-01
1.692270143618457794e+09 5.152225494384765625e-04 1.894464492797851562e-01
1.692270149656553030e+09 3.533363342285156250e-04 8.635854721069335938e-02
1.692270155849363804e+09 2.698898315429687500e-04 1.402747631072998047e-01
1.692270162001426458e+09 2.813339233398437500e-04 2.124042510986328125e-01
1.692270168175128460e+09 6.861686706542968750e-04 2.331018447875976562e-01
