1.692265666946773052e+09 2.548694610595703125e-04 7.660388946533203125e-02
1.692265672820196629e+09 1.752376556396484375e-04 6.236195564270019531e-02
1.692265679001321793e+09 5.495548248291015625e-04 4.173183441162109375e-02
1.692265685182330370e+09 5.664825439453125000e-04 4.262161254882812500e-02
1.692265691383798599e+09 1.928806304931640625e-04 9.330391883850097656e-02
1.692265697643352032e+09 1.795291900634765625e-04 3.708124160766601562e-02
1.692265703775320768e+09 4.999637603759765625e-04 5.388116836547851562e-02
1.692265709794875145e+09 3.995895385742187500e-04 3.999614715576171875e-02
1.692265715879994631e+09 5.836486816406250000e-04 4.612588882446289062e-02
1.692265721886828184e+09 5.893707275390625000e-04 7.643222808837890625e-02
1.692265727928803205e+09 2.746582031250000000e-04 3.830170631408691406e-02
1.692265734077281713e+09 5.297660827636718750e-04 4.229307174682617188e-02
1.692265740282859087e+09 5.290508270263671875e-04 9.004116058349609375e-02
1.692265746330592871e+09 1.945495605468750000e-04 7.916736602783203125e-02
1.692265752532387972e+09 2.090930938720703125e-04 3.262042999267578125e-02
1.692265758671009302e+09 4.761219024658203125e-04 7.080435752868652344e-02
1.692265765012589455e+09 5.235671997070312500e-04 8.822965621948242188e-02
1.692265771129416704e+09 1.702308654785156250e-04 3.231000900268554688e-02
1.692265777171679497e+09 1.931190490722656250e-04 1.279466152191162109e-01
1.692265783590957165e+09 5.617141723632812500e-04 3.920102119445800781e-02
1.692265789679855585e+09 5.245208740234375000e-04 1.102764606475830078e-01
1.692265795950908899e+09 4.312992095947265625e-04 3.742337226867675781e-02
1.692265802076999426e+09 5.323886871337890625e-04 4.040265083312988281e-02
1.692265808081069946e+09 6.580352783203125000e-04 6.397461891174316406e-02
1.692265814402988911e+09 5.197525024414062500e-04 1.155219078063964844e-01
1.692265820566616058e+09 5.960464477539062500e-04 8.224201202392578125e-02
1.692265826725675821e+09 5.018711090087890625e-04 8.515262603759765625e-02
1.692265832826199770e+09 3.220558166503906250e-03 5.336070060729980469e-02
1.692265839095920086e+09 1.780772209167480469e-02 8.712625503540039062e-02
1.692265845256780148e+09 5.259513854980468750e-04 1.125736236572265625e-01
