1.692213605396261454e+09 2.133846282958984375e-04 4.195523262023925781e-02
1.692213611539127350e+09 5.548000335693359375e-04 1.037840843200683594e-01
1.692213617721023083e+09 5.395412445068359375e-04 1.128664016723632812e-01
1.692213623915322781e+09 1.912117004394531250e-04 4.416012763977050781e-02
1.692213630041206121e+09 5.128383636474609375e-04 1.150264739990234375e-01
1.692213636214718103e+09 2.899169921875000000e-04 9.919500350952148438e-02
1.692213642400245428e+09 5.321502685546875000e-04 4.460048675537109375e-02
1.692213648543549299e+09 3.485679626464843750e-04 5.481958389282226562e-02
1.692213654652408838e+09 1.997947692871093750e-04 3.229641914367675781e-02
1.692213660730389595e+09 3.542900085449218750e-04 4.340028762817382812e-02
1.692213666844773054e+09 5.190372467041015625e-04 5.429935455322265625e-02
1.692213672952986240e+09 4.788398742675781250e-03 1.055490970611572266e-01
1.692213679126918554e+09 1.890659332275390625e-04 6.889677047729492188e-02
1.692213685267508507e+09 5.021095275878906250e-04 8.012080192565917969e-02
1.692213691379665852e+09 5.705356597900390625e-04 4.959321022033691406e-02
1.692213697449322462e+09 2.326965332031250000e-04 4.181766510009765625e-02
1.692213703539543629e+09 1.614093780517578125e-04 5.148267745971679688e-02
1.692213709651799202e+09 5.497932434082031250e-04 1.058249473571777344e-01
1.692213715811379433e+09 1.800060272216796875e-04 6.499886512756347656e-02
1.692213721965140343e+09 5.266666412353515625e-04 1.128821372985839844e-01
1.692213728124031544e+09 5.240440368652343750e-04 1.113967895507812500e-01
1.692213734310948133e+09 3.147125244140625000e-04 7.602024078369140625e-02
1.692213740473597050e+09 9.345531463623046875e-03 8.273077011108398438e-02
1.692213746602872849e+09 1.943111419677734375e-04 5.689215660095214844e-02
1.692213752756131649e+09 5.066394805908203125e-04 1.058325767517089844e-01
1.692213758914766550e+09 5.955696105957031250e-04 7.370448112487792969e-02
1.692213765074573278e+09 2.203464508056640625e-03 9.050989151000976562e-02
1.692213771209644318e+09 3.349781036376953125e-04 6.813645362854003906e-02
1.692213777367028952e+09 6.139278411865234375e-04 1.025018692016601562e-01
1.692213783502562284e+09 5.598068237304687500e-04 1.112513542175292969e-01
