1.692278459813074350e+09 1.542091369628906250e-03 3.948657512664794922e-01
1.692278466271980762e+09 1.407623291015625000e-03 4.052433967590332031e-01
1.692278472732409716e+09 4.913806915283203125e-04 3.831727504730224609e-01
1.692278479239887953e+09 6.480216979980468750e-04 5.611324310302734375e-01
1.692278485877263069e+09 7.731914520263671875e-04 2.539298534393310547e-01
1.692278492212744713e+09 1.642942428588867188e-03 3.791623115539550781e-01
1.692278498599284410e+09 6.704330444335937500e-04 3.346593379974365234e-01
1.692278504988822460e+09 6.318092346191406250e-04 3.429322242736816406e-01
1.692278511360354662e+09 1.048088073730468750e-03 4.815917015075683594e-01
1.692278517899807453e+09 2.994537353515625000e-02 4.265878200531005859e-01
1.692278524390025377e+09 1.254558563232421875e-03 2.667553424835205078e-01
1.692278530684487581e+09 5.503654479980468750e-03 4.190502166748046875e-01
1.692278537177002192e+09 2.133846282958984375e-03 3.652033805847167969e-01
1.692278543616180658e+09 5.247592926025390625e-04 2.825136184692382812e-01
1.692278550056161880e+09 8.976459503173828125e-04 4.348063468933105469e-01
1.692278556552083969e+09 2.335071563720703125e-03 2.985839843750000000e-01
1.692278562919247866e+09 6.349086761474609375e-04 4.030845165252685547e-01
1.692278569458565950e+09 1.224279403686523438e-03 2.678108215332031250e-01
1.692278575797469139e+09 7.305145263671875000e-04 4.381482601165771484e-01
1.692278582274528265e+09 6.513595581054687500e-04 4.259939193725585938e-01
1.692278588743822336e+09 1.670598983764648438e-03 4.605381488800048828e-01
1.692278595326927185e+09 1.105785369873046875e-03 2.684457302093505859e-01
1.692278601606452227e+09 6.973743438720703125e-04 4.823274612426757812e-01
1.692278608099130630e+09 8.484125137329101562e-03 5.379810333251953125e-01
1.692278614667780638e+09 1.515865325927734375e-03 5.208537578582763672e-01
1.692278621264414787e+09 2.774333953857421875e-02 3.156983852386474609e-01
1.692278627675326824e+09 4.481077194213867188e-03 6.948843002319335938e-01
1.692278634452211142e+09 2.422332763671875000e-03 5.422582626342773438e-01
1.692278641073194742e+09 5.936622619628906250e-04 6.484084129333496094e-01
1.692278647808418751e+09 6.084442138671875000e-04 1.131899595260620117e+00
