1.692205146432049274e+09 3.824234008789062500e-04 1.762778759002685547e-01
1.692205152709932089e+09 6.318092346191406250e-04 1.244444847106933594e-01
1.692205158861246347e+09 8.208751678466796875e-04 1.498281955718994141e-01
1.692205165081549883e+09 3.275871276855468750e-04 1.855268478393554688e-01
1.692205171316829920e+09 9.896755218505859375e-04 2.655503749847412109e-01
1.692205177614610910e+09 8.018016815185546875e-04 8.686351776123046875e-02
1.692205183719187737e+09 2.560615539550781250e-04 1.784055233001708984e-01
1.692205189906872511e+09 3.112316131591796875e-03 1.631326675415039062e-01
1.692205196101299763e+09 1.058959960937500000e-02 2.564249038696289062e-01
1.692205202400415182e+09 9.431838989257812500e-04 1.658132076263427734e-01
1.692205208597094536e+09 2.610683441162109375e-04 9.406495094299316406e-02
1.692205214724205494e+09 2.152204513549804688e-03 1.326658725738525391e-01
1.692205220873046398e+09 5.114078521728515625e-04 2.142629623413085938e-01
1.692205227158800840e+09 3.097057342529296875e-04 1.096625328063964844e-01
1.692205233344033718e+09 2.122879028320312500e-03 1.090078353881835938e-01
1.692205239546510458e+09 3.681182861328125000e-04 7.447147369384765625e-02
1.692205245706173897e+09 2.412796020507812500e-04 2.092294692993164062e-01
1.692205251940964222e+09 2.481937408447265625e-04 6.248450279235839844e-02
1.692205258094387293e+09 3.426074981689453125e-04 1.667282581329345703e-01
1.692205264297539234e+09 6.120204925537109375e-04 1.578576564788818359e-01
1.692205270495135546e+09 3.590583801269531250e-04 1.550288200378417969e-01
1.692205276695059776e+09 2.372264862060546875e-04 1.104145050048828125e-01
1.692205282851693153e+09 3.572702407836914062e-03 9.680962562561035156e-02
1.692205289038640976e+09 3.933906555175781250e-04 1.351089477539062500e-01
1.692205295269241810e+09 2.558231353759765625e-04 6.379795074462890625e-02
1.692205301395157814e+09 7.750988006591796875e-04 1.298997402191162109e-01
1.692205307559768200e+09 4.867553710937500000e-03 1.271643638610839844e-01
1.692205313769623995e+09 1.074075698852539062e-03 1.511850357055664062e-01
1.692205319987537384e+09 2.295970916748046875e-04 1.286909580230712891e-01
1.692205326189800262e+09 2.326965332031250000e-04 2.173743247985839844e-01
