1.692258099263185501e+09 1.163840293884277344e-02 6.970214843750000000e-02
1.692258105364948750e+09 1.947879791259765625e-04 4.666519165039062500e-02
1.692258111508655787e+09 5.512237548828125000e-04 4.045319557189941406e-02
1.692258117804946899e+09 2.532005310058593750e-04 5.451703071594238281e-02
1.692258123817864656e+09 5.915164947509765625e-04 4.449248313903808594e-02
1.692258129809092283e+09 2.877712249755859375e-04 3.875184059143066406e-02
1.692258135901268959e+09 4.527568817138671875e-04 7.117462158203125000e-02
1.692258142035539389e+09 5.741119384765625000e-04 5.227971076965332031e-02
1.692258148016242504e+09 1.375436782836914062e-03 7.542753219604492188e-02
1.692258154140974045e+09 6.141662597656250000e-04 1.114797592163085938e-01
1.692258160276178837e+09 1.311779022216796875e-03 7.538962364196777344e-02
1.692258166444784880e+09 5.211830139160156250e-04 4.028463363647460938e-02
1.692258172404239655e+09 1.726150512695312500e-04 3.973412513732910156e-02
1.692258178407230616e+09 5.202293395996093750e-04 4.921388626098632812e-02
1.692258184613157749e+09 1.854896545410156250e-04 3.645467758178710938e-02
1.692258190898666620e+09 6.744861602783203125e-04 3.213357925415039062e-02
1.692258196794275522e+09 1.031875610351562500e-03 8.659338951110839844e-02
1.692258202967699528e+09 5.662441253662109375e-04 1.006283760070800781e-01
1.692258209065116405e+09 6.182193756103515625e-04 5.026030540466308594e-02
1.692258215115049124e+09 8.609294891357421875e-04 7.965230941772460938e-02
1.692258221173509359e+09 6.175041198730468750e-04 4.569911956787109375e-02
1.692258227210296869e+09 5.388259887695312500e-04 1.080553531646728516e-01
1.692258233473682165e+09 1.778125762939453125e-03 8.036971092224121094e-02
1.692258239646417141e+09 5.517005920410156250e-04 1.126012802124023438e-01
1.692258245777439356e+09 5.626678466796875000e-04 4.873418807983398438e-02
1.692258251813328266e+09 1.864433288574218750e-04 3.405714035034179688e-02
1.692258257896561146e+09 1.715183258056640625e-03 9.296536445617675781e-02
1.692258264060794115e+09 3.924369812011718750e-04 3.726840019226074219e-02
1.692258270199729919e+09 8.859634399414062500e-04 9.667229652404785156e-02
1.692258276263761282e+09 1.600122451782226562e-02 9.345531463623046875e-02
