1.692281303575433016e+09 5.261898040771484375e-04 2.450025081634521484e-01
1.692281309918614626e+09 6.997585296630859375e-04 2.586221694946289062e-01
1.692281316235473156e+09 1.110315322875976562e-03 1.959271430969238281e-01
1.692281322479214430e+09 1.049280166625976562e-03 2.137572765350341797e-01
1.692281328787983656e+09 7.784366607666015625e-04 2.223639488220214844e-01
1.692281335098293781e+09 4.799365997314453125e-04 2.421846389770507812e-01
1.692281341429374933e+09 5.605220794677734375e-04 2.232744693756103516e-01
1.692281347696310520e+09 5.016326904296875000e-03 3.159422874450683594e-01
1.692281354127544641e+09 1.231193542480468750e-03 3.179636001586914062e-01
1.692281360507333994e+09 1.028299331665039062e-03 3.514926433563232422e-01
1.692281366961489916e+09 4.867553710937500000e-03 1.816711425781250000e-01
1.692281373167554855e+09 4.320144653320312500e-04 2.243587970733642578e-01
1.692281379399147987e+09 9.803771972656250000e-04 3.536393642425537109e-01
1.692281385833538532e+09 4.563331604003906250e-04 1.732571125030517578e-01
1.692281392058961630e+09 2.275943756103515625e-03 2.824270725250244141e-01
1.692281398383780479e+09 2.392768859863281250e-03 2.892801761627197266e-01
1.692281404712020397e+09 1.544713973999023438e-03 1.690454483032226562e-01
1.692281410978956223e+09 3.251552581787109375e-03 2.670907974243164062e-01
1.692281417264339209e+09 1.052141189575195312e-03 2.405076026916503906e-01
1.692281423538190365e+09 5.271434783935546875e-04 3.079059123992919922e-01
1.692281429914572239e+09 1.833200454711914062e-03 2.760028839111328125e-01
1.692281436261207104e+09 1.639366149902343750e-03 2.357857227325439453e-01
1.692281442512908697e+09 6.289482116699218750e-04 2.179110050201416016e-01
1.692281448806793451e+09 3.938674926757812500e-04 2.950925827026367188e-01
1.692281455168976307e+09 3.964900970458984375e-04 2.901811599731445312e-01
1.692281461479416370e+09 5.261898040771484375e-04 2.004239559173583984e-01
1.692281467775848150e+09 2.727031707763671875e-03 2.426352500915527344e-01
1.692281474055295706e+09 1.466751098632812500e-03 2.951102256774902344e-01
1.692281480421561718e+09 3.817081451416015625e-04 2.090780735015869141e-01
1.692281486686210632e+09 7.154941558837890625e-04 2.735571861267089844e-01
