1.692270396900152206e+09 7.319450378417968750e-04 5.799984931945800781e-02
1.692270402859967709e+09 5.694627761840820312e-03 8.383536338806152344e-02
1.692270408902433395e+09 2.994298934936523438e-03 6.011390686035156250e-02
1.692270414862169266e+09 5.655288696289062500e-04 5.032658576965332031e-02
1.692270421151810884e+09 5.192756652832031250e-04 5.577850341796875000e-02
1.692270427256981373e+09 2.889633178710937500e-04 7.168555259704589844e-02
1.692270433372462034e+09 5.173683166503906250e-04 5.445981025695800781e-02
1.692270439555554390e+09 1.040458679199218750e-03 8.854174613952636719e-02
1.692270445607091427e+09 5.416870117187500000e-04 6.101441383361816406e-02
1.692270451662883997e+09 3.696680068969726562e-03 8.406400680541992188e-02
1.692270457697383881e+09 1.764297485351562500e-04 3.645920753479003906e-02
1.692270463835192442e+09 5.159378051757812500e-04 1.221807003021240234e-01
1.692270469923228502e+09 2.040863037109375000e-04 3.850913047790527344e-02
1.692270476037278652e+09 1.697540283203125000e-04 3.430104255676269531e-02
1.692270482233515739e+09 6.408691406250000000e-04 7.462954521179199219e-02
1.692270488377813101e+09 2.219676971435546875e-04 7.125830650329589844e-02
1.692270494571318865e+09 5.350112915039062500e-04 4.714059829711914062e-02
1.692270500548534393e+09 5.149841308593750000e-04 1.158521175384521484e-01
1.692270506617507935e+09 3.097057342529296875e-04 8.643817901611328125e-02
1.692270512800937176e+09 5.052089691162109375e-04 9.590291976928710938e-02
1.692270518897512674e+09 5.066394805908203125e-04 4.629111289978027344e-02
1.692270524847404480e+09 5.478858947753906250e-04 4.404163360595703125e-02
1.692270530945601702e+09 5.338191986083984375e-04 1.131539344787597656e-01
1.692270537214460850e+09 5.280971527099609375e-04 4.444766044616699219e-02
1.692270543246376514e+09 7.908344268798828125e-04 4.791331291198730469e-02
1.692270549350578070e+09 2.000331878662109375e-04 6.943225860595703125e-02
1.692270555475342751e+09 5.371570587158203125e-04 1.262948513031005859e-01
1.692270561627893925e+09 4.258155822753906250e-04 6.405353546142578125e-02
1.692270567765838385e+09 5.013942718505859375e-04 4.582047462463378906e-02
1.692270573946765900e+09 5.011558532714843750e-04 6.232023239135742188e-02
