1.692195680306208849e+09 4.754066467285156250e-04 2.158236503601074219e-01
1.692195686545269251e+09 2.603530883789062500e-04 1.471345424652099609e-01
1.692195692753484011e+09 8.454322814941406250e-04 2.266175746917724609e-01
1.692195699040115595e+09 8.585453033447265625e-04 2.061254978179931641e-01
1.692195705340255260e+09 2.567768096923828125e-04 1.472964286804199219e-01
1.692195711557590723e+09 1.280546188354492188e-03 1.126773357391357422e-01
1.692195717723120451e+09 2.109050750732421875e-03 1.631824970245361328e-01
1.692195723996238470e+09 1.902818679809570312e-03 2.573721408843994141e-01
1.692195730273348331e+09 2.882480621337890625e-04 2.055916786193847656e-01
1.692195736512951612e+09 3.092288970947265625e-04 1.717448234558105469e-01
1.692195742786510944e+09 2.734661102294921875e-04 1.447334289550781250e-01
1.692195748951599836e+09 3.898143768310546875e-04 7.937431335449218750e-02
1.692195755090201855e+09 6.992816925048828125e-04 1.829907894134521484e-01
1.692195761296209574e+09 5.750656127929687500e-04 1.968691349029541016e-01
1.692195767511302233e+09 2.408027648925781250e-04 1.005892753601074219e-01
1.692195773707684040e+09 2.801418304443359375e-04 6.407904624938964844e-02
1.692195779872315407e+09 8.103847503662109375e-04 1.944003105163574219e-01
1.692195786109428406e+09 2.806186676025390625e-04 6.303858757019042969e-02
1.692195792175814867e+09 4.608631134033203125e-04 1.708025932312011719e-01
1.692195798383074760e+09 1.156091690063476562e-03 1.770076751708984375e-01
1.692195804591542006e+09 3.323554992675781250e-04 1.628293991088867188e-01
1.692195810773794889e+09 3.943443298339843750e-04 3.161804676055908203e-01
1.692195817123729706e+09 4.539489746093750000e-04 1.402003765106201172e-01
1.692195823350323439e+09 2.701282501220703125e-04 1.692302227020263672e-01
1.692195829576329708e+09 1.740694046020507812e-03 1.431505680084228516e-01
1.692195835755306721e+09 4.236698150634765625e-04 9.510827064514160156e-02
1.692195841902362585e+09 9.794235229492187500e-04 1.024682521820068359e-01
1.692195848011461735e+09 4.239082336425781250e-04 1.337566375732421875e-01
1.692195854153669357e+09 2.524852752685546875e-04 1.137511730194091797e-01
1.692195860320294380e+09 2.384185791015625000e-04 1.214652061462402344e-01
