1.692218019886751890e+09 6.542205810546875000e-04 3.986859321594238281e-02
1.692218026027860403e+09 3.039836883544921875e-04 6.162071228027343750e-02
1.692218032153059006e+09 5.650281906127929688e-03 1.085138320922851562e-01
1.692218038319467306e+09 1.765251159667968750e-03 6.752038002014160156e-02
1.692218044459600687e+09 2.355575561523437500e-04 5.618023872375488281e-02
1.692218050545775890e+09 4.072189331054687500e-04 8.222532272338867188e-02
1.692218056670928717e+09 5.271434783935546875e-04 1.178805828094482422e-01
1.692218062820530415e+09 4.920959472656250000e-04 6.753134727478027344e-02
1.692218068955026865e+09 7.474422454833984375e-04 4.673910140991210938e-02
1.692218075037348270e+09 1.881122589111328125e-04 3.160572052001953125e-02
1.692218081118225336e+09 5.577325820922851562e-03 8.043503761291503906e-02
1.692218087285996437e+09 4.222393035888671875e-04 8.507728576660156250e-02
1.692218093470827103e+09 5.422592163085937500e-03 9.205818176269531250e-02
1.692218099613328457e+09 1.690387725830078125e-04 3.195524215698242188e-02
1.692218105717565298e+09 2.970695495605468750e-04 3.635978698730468750e-02
1.692218111822681427e+09 3.152847290039062500e-03 6.162190437316894531e-02
1.692218117952115774e+09 5.223751068115234375e-04 4.175639152526855469e-02
1.692218124046855688e+09 5.204677581787109375e-04 3.469252586364746094e-02
1.692218130122684717e+09 4.196166992187500000e-04 4.245615005493164062e-02
1.692218136229732513e+09 2.279281616210937500e-04 6.296801567077636719e-02
1.692218142351281166e+09 4.034042358398437500e-04 8.559036254882812500e-02
1.692218148506745815e+09 2.858638763427734375e-04 8.359575271606445312e-02
1.692218154689263582e+09 2.930164337158203125e-03 7.188725471496582031e-02
1.692218160865193129e+09 7.023811340332031250e-04 7.438182830810546875e-02
1.692218166964548826e+09 3.690719604492187500e-04 3.805327415466308594e-02
1.692218173024766684e+09 1.842975616455078125e-04 7.621645927429199219e-02
1.692218179176408768e+09 8.449316024780273438e-03 9.045648574829101562e-02
1.692218185300553560e+09 1.945495605468750000e-04 4.648780822753906250e-02
1.692218191438035011e+09 7.755756378173828125e-04 7.929062843322753906e-02
1.692218197586512804e+09 4.923343658447265625e-04 6.670951843261718750e-02
