1.692221803815000534e+09 2.534389495849609375e-04 3.607892990112304688e-02
1.692221809949714184e+09 1.016616821289062500e-03 7.744884490966796875e-02
1.692221816103772402e+09 5.247592926025390625e-04 1.152386665344238281e-01
1.692221822231499910e+09 6.003379821777343750e-04 1.058418750762939453e-01
1.692221828426030397e+09 2.143383026123046875e-04 2.986121177673339844e-02
1.692221834566424847e+09 2.155303955078125000e-04 1.053540706634521484e-01
1.692221840743653297e+09 2.436637878417968750e-04 7.771444320678710938e-02
1.692221846892236710e+09 5.202293395996093750e-04 3.901791572570800781e-02
1.692221852954870939e+09 5.493164062500000000e-04 4.172253608703613281e-02
1.692221859057678699e+09 5.376338958740234375e-04 4.924893379211425781e-02
1.692221865164613485e+09 1.950263977050781250e-04 6.836128234863281250e-02
1.692221871289926291e+09 6.046295166015625000e-04 1.152081489562988281e-01
1.692221877431352139e+09 2.665519714355468750e-04 9.458184242248535156e-02
1.692221883627119780e+09 6.546974182128906250e-04 7.458615303039550781e-02
1.692221889802637577e+09 5.216598510742187500e-04 1.024265289306640625e-01
1.692221895918115854e+09 1.971721649169921875e-04 7.914018630981445312e-02
1.692221902118632555e+09 3.831386566162109375e-04 6.768631935119628906e-02
1.692221908283650637e+09 2.418756484985351562e-03 9.978485107421875000e-02
1.692221914468067408e+09 4.270553588867187500e-03 8.915209770202636719e-02
1.692221920627578974e+09 1.792907714843750000e-04 7.337164878845214844e-02
1.692221926790461302e+09 5.786418914794921875e-04 1.051881313323974609e-01
1.692221932921423674e+09 3.471374511718750000e-04 4.662466049194335938e-02
1.692221939061557531e+09 1.926422119140625000e-04 4.218745231628417969e-02
1.692221945160289288e+09 5.393028259277343750e-04 8.586549758911132812e-02
1.692221951309620142e+09 5.619525909423828125e-04 1.026513576507568359e-01
1.692221957418957710e+09 2.748966217041015625e-04 4.321384429931640625e-02
1.692221963567310333e+09 5.245208740234375000e-04 1.020660400390625000e-01
1.692221969728636742e+09 1.947879791259765625e-04 8.168077468872070312e-02
1.692221975902551889e+09 5.245208740234375000e-04 3.723883628845214844e-02
1.692221981953310013e+09 4.436969757080078125e-04 5.096411705017089844e-02
