1.692259360180025101e+09 6.489753723144531250e-04 5.981874465942382812e-02
1.692259366342946291e+09 5.366802215576171875e-04 4.440569877624511719e-02
1.692259372426065683e+09 5.495548248291015625e-04 5.283546447753906250e-02
1.692259378533640862e+09 2.560615539550781250e-04 3.978919982910156250e-02
1.692259384521886587e+09 5.373954772949218750e-04 5.015921592712402344e-02
1.692259390531009436e+09 1.993179321289062500e-04 6.201910972595214844e-02
1.692259396640623808e+09 5.106925964355468750e-04 5.104708671569824219e-02
1.692259402632160187e+09 5.409717559814453125e-04 4.239416122436523438e-02
1.692259408823240757e+09 5.009174346923828125e-04 5.940985679626464844e-02
1.692259415139229059e+09 1.402497291564941406e-02 9.631133079528808594e-02
1.692259421297333717e+09 5.474090576171875000e-04 8.367490768432617188e-02
1.692259427481076717e+09 5.826950073242187500e-04 3.846335411071777344e-02
1.692259433719979286e+09 2.644062042236328125e-04 4.035449028015136719e-02
1.692259439819743395e+09 5.211830139160156250e-04 3.697299957275390625e-02
1.692259446017795086e+09 5.118846893310546875e-04 4.063582420349121094e-02
1.692259452021571636e+09 1.976490020751953125e-04 5.788159370422363281e-02
1.692259458137099028e+09 1.769065856933593750e-04 4.477739334106445312e-02
1.692259464323944330e+09 5.078315734863281250e-04 3.990578651428222656e-02
1.692259470521911383e+09 5.824565887451171875e-04 4.466748237609863281e-02
1.692259476625553608e+09 1.828670501708984375e-04 3.741955757141113281e-02
1.692259482816617012e+09 2.152919769287109375e-04 4.855346679687500000e-02
1.692259488928211451e+09 2.129077911376953125e-04 5.388975143432617188e-02
1.692259495133189917e+09 5.056858062744140625e-04 1.207890510559082031e-01
1.692259501307717800e+09 4.198312759399414062e-03 9.367179870605468750e-02
1.692259507489694834e+09 3.242969512939453125e-03 6.836104393005371094e-02
1.692259513650901794e+09 5.249977111816406250e-04 8.278727531433105469e-02
1.692259519763784170e+09 8.358955383300781250e-04 5.774569511413574219e-02
1.692259525641574144e+09 5.342960357666015625e-04 5.128788948059082031e-02
1.692259531732680082e+09 3.752708435058593750e-04 1.159863471984863281e-01
1.692259538103098392e+09 7.874965667724609375e-04 1.025762557983398438e-01
