1.692202621970544100e+09 9.939670562744140625e-04 2.027654647827148438e-01
1.692202628277774572e+09 1.299929618835449219e-02 2.350087165832519531e-01
1.692202634625220537e+09 2.512931823730468750e-04 1.242461204528808594e-01
1.692202640797578573e+09 2.562999725341796875e-04 9.985017776489257812e-02
1.692202646973397732e+09 4.017353057861328125e-04 1.589386463165283203e-01
1.692202653231573343e+09 4.689693450927734375e-04 1.015028953552246094e-01
1.692202659378800154e+09 2.713203430175781250e-04 1.490876674652099609e-01
1.692202665619474888e+09 3.843307495117187500e-04 1.230535507202148438e-01
1.692202671794339418e+09 4.088878631591796875e-04 1.397595405578613281e-01
1.692202678012140751e+09 6.265640258789062500e-04 1.556179523468017578e-01
1.692202684228333950e+09 3.287792205810546875e-04 2.239067554473876953e-01
1.692202690507437706e+09 2.510547637939453125e-04 1.943972110748291016e-01
1.692202696769112110e+09 2.813339233398437500e-04 1.381065845489501953e-01
1.692202702909657955e+09 7.791519165039062500e-04 1.611065864562988281e-01
1.692202709143173456e+09 4.062652587890625000e-04 1.480841636657714844e-01
1.692202715320908546e+09 2.706050872802734375e-04 1.296739578247070312e-01
1.692202721499928236e+09 1.657009124755859375e-03 1.314940452575683594e-01
1.692202727708455801e+09 9.665489196777343750e-04 2.247343063354492188e-01
1.692202734000941515e+09 9.325504302978515625e-03 1.042506694793701172e-01
1.692202740186503172e+09 3.685951232910156250e-04 8.394312858581542969e-02
1.692202746355984449e+09 1.060247421264648438e-03 1.574974060058593750e-01
1.692202752535732746e+09 9.233951568603515625e-04 7.253980636596679688e-02
1.692202758644791603e+09 2.479553222656250000e-04 5.639791488647460938e-02
1.692202764727900743e+09 2.949237823486328125e-04 1.990842819213867188e-01
1.692202770974443436e+09 3.321170806884765625e-04 1.732921600341796875e-01
1.692202777244587183e+09 3.898143768310546875e-04 6.986021995544433594e-02
1.692202783342001200e+09 5.302429199218750000e-04 2.384021282196044922e-01
1.692202789613698959e+09 2.627372741699218750e-04 9.212541580200195312e-02
1.692202795763337135e+09 3.116130828857421875e-04 1.104831695556640625e-01
1.692202801892655373e+09 7.383823394775390625e-04 1.655066013336181641e-01
