1.692265035961560726e+09 6.604194641113281250e-04 4.779410362243652344e-02
1.692265042111753464e+09 2.672672271728515625e-04 6.275677680969238281e-02
1.692265048226814747e+09 8.580684661865234375e-03 8.680295944213867188e-02
1.692265054382104874e+09 5.960464477539062500e-04 5.394887924194335938e-02
1.692265060517911434e+09 3.559589385986328125e-04 5.669450759887695312e-02
1.692265066620613337e+09 5.059242248535156250e-04 5.270552635192871094e-02
1.692265072816325188e+09 5.338191986083984375e-04 9.147286415100097656e-02
1.692265079055355787e+09 5.731582641601562500e-04 7.748198509216308594e-02
1.692265085241467237e+09 3.542184829711914062e-03 1.034464836120605469e-01
1.692265091485877037e+09 6.313323974609375000e-04 1.089811325073242188e-01
1.692265097573272705e+09 5.199909210205078125e-04 4.770421981811523438e-02
1.692265103611577272e+09 5.960464477539062500e-04 9.439921379089355469e-02
1.692265109859266043e+09 5.609989166259765625e-04 9.224295616149902344e-02
1.692265115956185102e+09 4.971027374267578125e-04 5.045485496520996094e-02
1.692265122014111519e+09 1.947879791259765625e-04 4.291820526123046875e-02
1.692265128104591846e+09 2.827644348144531250e-04 4.123711585998535156e-02
1.692265134202976465e+09 5.004405975341796875e-04 5.265617370605468750e-02
1.692265140216339588e+09 7.894039154052734375e-04 1.320495605468750000e-01
1.692265146312286139e+09 1.844167709350585938e-03 8.067321777343750000e-02
1.692265152449252129e+09 1.795291900634765625e-04 3.745293617248535156e-02
1.692265158599351645e+09 5.097389221191406250e-04 4.086565971374511719e-02
1.692265164604551792e+09 8.454322814941406250e-04 4.344606399536132812e-02
1.692265170709570169e+09 1.076936721801757812e-03 8.900594711303710938e-02
1.692265176773589373e+09 1.876115798950195312e-03 5.943346023559570312e-02
1.692265182924845219e+09 2.078056335449218750e-03 8.490538597106933594e-02
1.692265188867819071e+09 2.200603485107421875e-04 8.807802200317382812e-02
1.692265195052262545e+09 2.076625823974609375e-04 8.724951744079589844e-02
1.692265201165798664e+09 1.966953277587890625e-04 7.041287422180175781e-02
1.692265207252551556e+09 5.333423614501953125e-04 4.575991630554199219e-02
1.692265213509098053e+09 1.757144927978515625e-04 5.281782150268554688e-02
