1.692279409633558273e+09 8.194446563720703125e-04 4.399971961975097656e-01
1.692279416141670942e+09 2.268481254577636719e-02 1.003528356552124023e+00
1.692279423255143166e+09 1.677751541137695312e-03 3.093743324279785156e-01
1.692279429617411852e+09 1.734876632690429688e-02 3.896291255950927734e-01
1.692279436100826025e+09 7.023811340332031250e-04 3.069803714752197266e-01
1.692279442511704206e+09 2.068519592285156250e-03 3.242733478546142578e-01
1.692279448912472248e+09 5.829334259033203125e-04 3.655707836151123047e-01
1.692279455387500048e+09 1.183986663818359375e-03 2.423994541168212891e-01
1.692279461662830353e+09 4.866123199462890625e-04 3.507881164550781250e-01
1.692279468061990976e+09 5.736351013183593750e-04 2.806043624877929688e-01
1.692279474396130085e+09 9.041547775268554688e-03 2.109105587005615234e-01
1.692279480627243757e+09 6.823539733886718750e-04 3.218586444854736328e-01
1.692279487016115189e+09 1.156568527221679688e-03 2.728698253631591797e-01
1.692279493364948273e+09 1.156330108642578125e-03 2.805478572845458984e-01
1.692279499672651768e+09 1.263380050659179688e-03 3.026354312896728516e-01
1.692279505992623806e+09 1.210927963256835938e-03 2.404496669769287109e-01
1.692279512378795385e+09 4.622936248779296875e-04 2.414660453796386719e-01
1.692279518679251194e+09 6.000995635986328125e-04 3.371510505676269531e-01
1.692279525138107538e+09 6.132125854492187500e-04 2.703874111175537109e-01
1.692279531488395691e+09 1.765966415405273438e-03 3.003063201904296875e-01
1.692279537914839983e+09 1.758575439453125000e-03 3.013780117034912109e-01
1.692279544293322802e+09 4.839897155761718750e-04 2.712461948394775391e-01
1.692279550666634321e+09 2.822875976562500000e-03 2.457046508789062500e-01
1.692279556952874899e+09 1.115322113037109375e-03 4.039123058319091797e-01
1.692279563417370796e+09 9.078979492187500000e-04 3.556387424468994141e-01
1.692279569843706608e+09 2.221584320068359375e-03 3.659780025482177734e-01
1.692279576252379417e+09 3.976106643676757812e-03 2.590384483337402344e-01
1.692279582589911461e+09 4.518032073974609375e-04 3.138935565948486328e-01
1.692279588920280695e+09 1.528024673461914062e-03 2.589123249053955078e-01
1.692279595262680054e+09 2.397775650024414062e-03 2.806808948516845703e-01
