1.692257783729825497e+09 2.288818359375000000e-04 3.132057189941406250e-02
1.692257789861835957e+09 5.915164947509765625e-04 4.718375205993652344e-02
1.692257795880152702e+09 5.726814270019531250e-04 4.342055320739746094e-02
1.692257801776155949e+09 5.278587341308593750e-04 1.141917705535888672e-01
1.692257807847153187e+09 1.807212829589843750e-04 3.618693351745605469e-02
1.692257813968461514e+09 1.816749572753906250e-04 6.609487533569335938e-02
1.692257820103503704e+09 2.517700195312500000e-04 5.365848541259765625e-02
1.692257826084618092e+09 7.600784301757812500e-04 3.461837768554687500e-02
1.692257832269227266e+09 2.923011779785156250e-04 4.113721847534179688e-02
1.692257838372182369e+09 5.328655242919921875e-04 3.949570655822753906e-02
1.692257844478161812e+09 7.960796356201171875e-04 4.009866714477539062e-02
1.692257850574676037e+09 5.421638488769531250e-04 4.476928710937500000e-02
1.692257856578154564e+09 4.467964172363281250e-04 4.212975502014160156e-02
1.692257862674574852e+09 5.791187286376953125e-04 4.904770851135253906e-02
1.692257868681870937e+09 4.920959472656250000e-04 5.237722396850585938e-02
1.692257874983806849e+09 5.669593811035156250e-04 3.894138336181640625e-02
1.692257881171922684e+09 5.543231964111328125e-04 4.117298126220703125e-02
1.692257887273718119e+09 7.865428924560546875e-04 8.798933029174804688e-02
1.692257893323156118e+09 4.644393920898437500e-04 4.733514785766601562e-02
1.692257899378999949e+09 2.930164337158203125e-04 1.096622943878173828e-01
1.692257905543348312e+09 9.505748748779296875e-04 4.992842674255371094e-02
1.692257911485069752e+09 2.279281616210937500e-04 3.770756721496582031e-02
1.692257917768914461e+09 1.481771469116210938e-03 4.060697555541992188e-02
1.692257923874626637e+09 5.626678466796875000e-04 4.256939888000488281e-02
1.692257930175860167e+09 3.905296325683593750e-04 7.009792327880859375e-02
1.692257936205290556e+09 5.416870117187500000e-04 1.092677116394042969e-01
1.692257942542577744e+09 5.247592926025390625e-04 4.411149024963378906e-02
1.692257948477015495e+09 5.409717559814453125e-04 9.886932373046875000e-02
1.692257954532230377e+09 1.721382141113281250e-04 3.992748260498046875e-02
1.692257960671547413e+09 3.080368041992187500e-04 6.981110572814941406e-02
