1.692265351632385492e+09 6.504058837890625000e-04 1.068603992462158203e-01
1.692265357742835045e+09 5.276203155517578125e-04 5.260229110717773438e-02
1.692265363884515047e+09 5.707740783691406250e-04 1.152722835540771484e-01
1.692265370248914719e+09 4.656314849853515625e-04 9.960770606994628906e-02
1.692265376434007883e+09 5.803108215332031250e-04 1.083006858825683594e-01
1.692265382545288801e+09 5.288124084472656250e-04 1.360335350036621094e-01
1.692265388669224024e+09 5.526542663574218750e-04 6.249260902404785156e-02
1.692265394696089506e+09 1.680850982666015625e-04 4.271221160888671875e-02
1.692265400773439884e+09 5.505084991455078125e-04 1.151170730590820312e-01
1.692265406648550034e+09 5.693435668945312500e-04 1.138780117034912109e-01
1.692265412747428179e+09 4.196166992187500000e-04 6.992578506469726562e-02
1.692265418701041222e+09 5.068778991699218750e-04 1.173169612884521484e-01
1.692265424866658211e+09 2.031326293945312500e-04 5.618691444396972656e-02
1.692265431087800264e+09 5.228519439697265625e-04 4.434943199157714844e-02
1.692265437077607870e+09 4.918575286865234375e-04 6.996560096740722656e-02
1.692265443203193903e+09 1.940727233886718750e-04 4.188227653503417969e-02
1.692265449273543119e+09 2.768039703369140625e-04 7.531976699829101562e-02
1.692265455407068968e+09 8.819103240966796875e-04 1.102967262268066406e-01
1.692265461546151400e+09 8.327960968017578125e-04 4.991865158081054688e-02
1.692265467585547447e+09 1.816749572753906250e-04 3.565406799316406250e-02
1.692265473667605639e+09 1.859664916992187500e-04 3.600668907165527344e-02
1.692265479766659021e+09 3.831386566162109375e-04 4.363536834716796875e-02
1.692265485976123571e+09 5.424022674560546875e-04 4.859566688537597656e-02
1.692265492181492805e+09 5.044937133789062500e-04 4.666519165039062500e-02
1.692265498180301905e+09 5.397796630859375000e-04 4.883837699890136719e-02
1.692265504282367706e+09 4.041194915771484375e-04 4.882335662841796875e-02
1.692265510379824877e+09 1.788139343261718750e-04 5.047655105590820312e-02
1.692265516481518030e+09 8.788108825683593750e-04 4.361629486083984375e-02
1.692265522479082346e+09 2.670288085937500000e-04 4.382705688476562500e-02
1.692265528575835466e+09 4.987716674804687500e-04 5.381155014038085938e-02
