1.692219585847836256e+09 4.611015319824218750e-04 1.029555797576904297e-01
1.692219592052151203e+09 5.094289779663085938e-03 8.676671981811523438e-02
1.692219598255410910e+09 5.500316619873046875e-04 1.543061733245849609e-01
1.692219604515132666e+09 2.439022064208984375e-04 5.384826660156250000e-02
1.692219610605012655e+09 2.448558807373046875e-04 1.164231300354003906e-01
1.692219616764495611e+09 2.536773681640625000e-04 1.760845184326171875e-01
1.692219623023834229e+09 4.522800445556640625e-04 8.214187622070312500e-02
1.692219629130663157e+09 4.739761352539062500e-04 1.326043605804443359e-01
1.692219635287290812e+09 2.317428588867187500e-04 1.743001937866210938e-01
1.692219641528956413e+09 7.836818695068359375e-04 2.201778888702392578e-01
1.692219647791769266e+09 2.510547637939453125e-04 1.213445663452148438e-01
1.692219653972703457e+09 8.168220520019531250e-04 8.343601226806640625e-02
1.692219660139446974e+09 3.266334533691406250e-04 1.253023147583007812e-01
1.692219666281003714e+09 2.769708633422851562e-03 1.730053424835205078e-01
1.692219672535721779e+09 2.164363861083984375e-03 1.346175670623779297e-01
1.692219678687020063e+09 2.419948577880859375e-04 4.664087295532226562e-02
1.692219684798456192e+09 2.446174621582031250e-04 1.681036949157714844e-01
1.692219691016613245e+09 3.108978271484375000e-04 1.602210998535156250e-01
1.692219697211369038e+09 9.989738464355468750e-04 7.343196868896484375e-02
1.692219703322303534e+09 2.312660217285156250e-04 5.874514579772949219e-02
1.692219709408558130e+09 2.238750457763671875e-04 1.125869750976562500e-01
1.692219715561502695e+09 6.418228149414062500e-04 1.728570461273193359e-01
1.692219721839517832e+09 2.291202545166015625e-04 1.063938140869140625e-01
1.692219727954202652e+09 5.905628204345703125e-04 2.466394901275634766e-01
1.692219734300931931e+09 2.329349517822265625e-04 1.765372753143310547e-01
1.692219740524320126e+09 1.748323440551757812e-03 1.915419101715087891e-01
1.692219746750074148e+09 7.293224334716796875e-04 1.286253929138183594e-01
1.692219752986575127e+09 7.135868072509765625e-04 1.355476379394531250e-01
1.692219759189792156e+09 2.222061157226562500e-04 9.042215347290039062e-02
1.692219765342947245e+09 2.570152282714843750e-04 1.032476425170898438e-01
