1.692211082488003492e+09 1.483201980590820312e-03 6.738448143005371094e-02
1.692211088655444145e+09 5.383491516113281250e-04 1.090707778930664062e-01
1.692211094795477629e+09 2.674579620361328125e-03 7.719445228576660156e-02
1.692211100967148066e+09 6.573200225830078125e-04 9.180665016174316406e-02
1.692211107078945875e+09 5.741119384765625000e-04 4.749274253845214844e-02
1.692211113134211779e+09 3.600120544433593750e-04 4.958486557006835938e-02
1.692211119234673262e+09 2.362728118896484375e-04 4.434299468994140625e-02
1.692211125328514814e+09 3.521442413330078125e-04 7.539463043212890625e-02
1.692211131461416721e+09 5.550384521484375000e-04 9.905648231506347656e-02
1.692211137589228153e+09 1.971721649169921875e-04 3.765797615051269531e-02
1.692211143721753359e+09 2.079010009765625000e-04 8.200836181640625000e-02
1.692211149873606682e+09 5.264282226562500000e-04 8.186960220336914062e-02
1.692211155968402147e+09 2.408027648925781250e-04 4.523801803588867188e-02
1.692211162030138254e+09 1.883506774902343750e-04 8.460664749145507812e-02
1.692211168172808170e+09 5.819797515869140625e-04 4.173064231872558594e-02
1.692211174228462458e+09 3.471374511718750000e-04 5.137372016906738281e-02
1.692211180336429834e+09 2.095699310302734375e-04 8.289909362792968750e-02
1.692211186472937346e+09 5.466938018798828125e-04 1.114399433135986328e-01
1.692211192597833872e+09 4.382133483886718750e-04 7.696986198425292969e-02
1.692211198767860174e+09 5.230903625488281250e-04 4.286241531372070312e-02
1.692211204829710007e+09 5.114078521728515625e-04 4.431271553039550781e-02
1.692211210930970430e+09 4.804134368896484375e-04 3.992223739624023438e-02
1.692211217025665045e+09 2.202987670898437500e-04 3.507328033447265625e-02
1.692211223122943401e+09 2.062320709228515625e-04 8.327317237854003906e-02
1.692211229271869421e+09 5.650520324707031250e-04 1.097784042358398438e-01
1.692211235396615505e+09 1.709461212158203125e-04 5.455112457275390625e-02
1.692211241538580418e+09 5.736351013183593750e-04 8.331727981567382812e-02
1.692211247695374012e+09 1.928806304931640625e-04 7.945036888122558594e-02
1.692211253864199877e+09 3.826618194580078125e-04 9.173846244812011719e-02
1.692211259996565104e+09 2.024173736572265625e-04 6.867957115173339844e-02
