1.692219270241216183e+09 3.581047058105468750e-04 1.625258922576904297e-01
1.692219276507457256e+09 6.129741668701171875e-04 1.344611644744873047e-01
1.692219282672207832e+09 5.249977111816406250e-04 1.315999031066894531e-01
1.692219288875605345e+09 3.108978271484375000e-04 1.418178081512451172e-01
1.692219295083120584e+09 2.756118774414062500e-04 1.884336471557617188e-01
1.692219301335841417e+09 2.350807189941406250e-04 3.414595127105712891e-01
1.692219307678995609e+09 6.477832794189453125e-04 1.760516166687011719e-01
1.692219313928567410e+09 6.606578826904296875e-04 1.820354461669921875e-01
1.692219320135911465e+09 4.718303680419921875e-04 1.467337608337402344e-01
1.692219326395566702e+09 2.417564392089843750e-04 1.479890346527099609e-01
1.692219332585146666e+09 3.042221069335937500e-04 1.115520000457763672e-01
1.692219338752544641e+09 2.434253692626953125e-04 2.234888076782226562e-01
1.692219345062067747e+09 2.658367156982421875e-04 1.211626529693603516e-01
1.692219351258674145e+09 4.839897155761718750e-04 8.709478378295898438e-02
1.692219357425622702e+09 2.431869506835937500e-04 1.261067390441894531e-01
1.692219363564073324e+09 9.522438049316406250e-04 2.830693721771240234e-01
1.692219369926803589e+09 4.332065582275390625e-04 1.588134765625000000e-01
1.692219376099090099e+09 8.068084716796875000e-04 1.581578254699707031e-01
1.692219382298779488e+09 3.499984741210937500e-04 1.300749778747558594e-01
1.692219388468390942e+09 1.835346221923828125e-03 8.552122116088867188e-02
1.692219394630631208e+09 7.188320159912109375e-04 1.677076816558837891e-01
1.692219400806895971e+09 3.795623779296875000e-04 2.814049720764160156e-01
1.692219407119867563e+09 2.393722534179687500e-04 6.193542480468750000e-02
1.692219413199413061e+09 2.486705780029296875e-04 1.655695438385009766e-01
1.692219419403653860e+09 2.493858337402343750e-04 1.257903575897216797e-01
1.692219425564888239e+09 1.095294952392578125e-03 9.923076629638671875e-02
1.692219431747385979e+09 4.894733428955078125e-04 9.879207611083984375e-02
1.692219437938263416e+09 2.479553222656250000e-04 1.167323589324951172e-01
1.692219444154397964e+09 2.484321594238281250e-04 1.916058063507080078e-01
1.692219450429458141e+09 4.918575286865234375e-04 8.999919891357421875e-02
