1.692269673847031355e+09 3.334760665893554688e-03 1.208617687225341797e-01
1.692269679974541664e+09 2.598762512207031250e-04 2.259838581085205078e-01
1.692269686284738302e+09 1.378297805786132812e-03 1.039729118347167969e-01
1.692269692467124462e+09 1.388549804687500000e-03 7.252049446105957031e-02
1.692269698622130632e+09 3.755092620849609375e-04 1.116335391998291016e-01
1.692269704760216475e+09 3.724098205566406250e-04 2.808976173400878906e-01
1.692269711130448580e+09 5.741119384765625000e-04 1.298859119415283203e-01
1.692269717380057812e+09 6.191730499267578125e-04 9.096860885620117188e-02
1.692269723440004110e+09 2.727508544921875000e-04 1.120841503143310547e-01
1.692269729567177534e+09 2.553462982177734375e-04 1.160190105438232422e-01
1.692269735874706984e+09 2.820491790771484375e-04 1.079397201538085938e-01
1.692269741955570459e+09 5.914449691772460938e-03 1.729667186737060547e-01
1.692269748130517721e+09 2.877712249755859375e-04 1.123120784759521484e-01
1.692269754359997511e+09 5.019426345825195312e-03 1.513583660125732422e-01
1.692269760614830971e+09 5.702972412109375000e-04 1.903169155120849609e-01
1.692269766849862099e+09 6.399154663085937500e-04 7.191324234008789062e-02
1.692269773126816034e+09 4.169940948486328125e-04 1.071963310241699219e-01
1.692269779155501604e+09 2.570152282714843750e-04 1.412155628204345703e-01
1.692269785288905382e+09 2.610683441162109375e-04 1.694502830505371094e-01
1.692269791417141676e+09 1.013517379760742188e-03 9.867548942565917969e-02
1.692269797452494860e+09 2.090215682983398438e-03 6.109023094177246094e-02
1.692269803511459351e+09 2.839565277099609375e-04 5.333948135375976562e-02
1.692269809603314638e+09 3.950595855712890625e-04 2.346775531768798828e-01
1.692269815787098169e+09 4.906654357910156250e-04 1.105411052703857422e-01
1.692269821964839697e+09 3.616809844970703125e-04 1.155261993408203125e-01
1.692269828067905664e+09 3.676414489746093750e-04 6.854987144470214844e-02
1.692269834318211317e+09 2.918243408203125000e-04 1.161272525787353516e-01
1.692269840564446688e+09 2.944469451904296875e-04 1.233031749725341797e-01
1.692269846771770477e+09 6.725788116455078125e-04 8.671998977661132812e-02
1.692269852941713333e+09 2.965927124023437500e-04 1.003015041351318359e-01
