1.692200413829213858e+09 6.959438323974609375e-04 1.581988334655761719e-01
1.692200420095535994e+09 1.046180725097656250e-03 1.156475543975830078e-01
1.692200426259765863e+09 2.419948577880859375e-04 1.805419921875000000e-01
1.692200432510049820e+09 2.453327178955078125e-04 1.191089153289794922e-01
1.692200438648369074e+09 3.588199615478515625e-04 1.162347793579101562e-01
1.692200444846955061e+09 2.815723419189453125e-04 1.114916801452636719e-01
1.692200451041787386e+09 2.744197845458984375e-04 1.591522693634033203e-01
1.692200457290568113e+09 2.496242523193359375e-04 2.514476776123046875e-01
1.692200463583067179e+09 2.906322479248046875e-04 2.260880470275878906e-01
1.692200469854413986e+09 2.818107604980468750e-04 2.096567153930664062e-01
1.692200476137978315e+09 3.495216369628906250e-04 1.122984886169433594e-01
1.692200482344313622e+09 2.405643463134765625e-04 1.137793064117431641e-01
1.692200488543177366e+09 9.603500366210937500e-04 1.033549308776855469e-01
1.692200494740261316e+09 2.472400665283203125e-04 1.467664241790771484e-01
1.692200500975404978e+09 2.913475036621093750e-04 1.970310211181640625e-01
1.692200507229770184e+09 2.455711364746093750e-04 5.193614959716796875e-02
1.692200513380427122e+09 2.703666687011718750e-04 1.346385478973388672e-01
1.692200519563024998e+09 5.095005035400390625e-04 1.299457550048828125e-01
1.692200525761753082e+09 2.751350402832031250e-04 1.152482032775878906e-01
1.692200531943658829e+09 4.076957702636718750e-04 1.399872303009033203e-01
1.692200538175317287e+09 8.409023284912109375e-04 6.353521347045898438e-02
1.692200544320712805e+09 8.528232574462890625e-04 2.003076076507568359e-01
1.692200550545687914e+09 2.696514129638671875e-04 1.194899082183837891e-01
1.692200556747845173e+09 2.894401550292968750e-04 1.193614006042480469e-01
1.692200562947760582e+09 3.094673156738281250e-04 1.435389518737792969e-01
1.692200569173189402e+09 2.491474151611328125e-04 9.273958206176757812e-02
1.692200575326120138e+09 2.555847167968750000e-04 1.432824134826660156e-01
1.692200581474809647e+09 2.987384796142578125e-04 1.226978302001953125e-01
1.692200587663958311e+09 6.341934204101562500e-04 7.087850570678710938e-02
1.692200593804539919e+09 2.846717834472656250e-04 1.176939010620117188e-01
