1.692260936858170033e+09 2.081394195556640625e-04 4.130530357360839844e-02
1.692260942906705141e+09 2.403259277343750000e-04 4.195380210876464844e-02
1.692260948798828840e+09 2.279281616210937500e-04 6.848382949829101562e-02
1.692260954933368444e+09 3.499984741210937500e-04 3.748488426208496094e-02
1.692260960894643307e+09 1.881122589111328125e-04 6.844592094421386719e-02
1.692260967027154922e+09 4.816055297851562500e-04 8.232450485229492188e-02
1.692260973159561634e+09 6.427764892578125000e-04 5.678725242614746094e-02
1.692260979416270256e+09 5.445480346679687500e-04 4.170083999633789062e-02
1.692260985500828266e+09 3.728866577148437500e-04 3.223252296447753906e-02
1.692260991590045929e+09 2.191066741943359375e-04 9.502577781677246094e-02
1.692260997662634850e+09 5.283355712890625000e-04 3.617954254150390625e-02
1.692261003795233965e+09 5.142688751220703125e-04 4.450964927673339844e-02
1.692261009903624535e+09 5.216598510742187500e-04 1.212627887725830078e-01
1.692261016180196524e+09 5.257129669189453125e-04 7.745242118835449219e-02
1.692261022436667919e+09 2.248287200927734375e-04 2.833533287048339844e-02
1.692261028586921215e+09 3.874301910400390625e-04 4.697227478027343750e-02
1.692261034704558134e+09 1.988410949707031250e-04 4.409170150756835938e-02
1.692261040600564003e+09 5.090236663818359375e-04 3.860783576965332031e-02
1.692261046597697258e+09 5.648136138916015625e-04 5.365490913391113281e-02
1.692261052813035727e+09 1.921653747558593750e-04 6.376147270202636719e-02
1.692261059030643702e+09 5.574226379394531250e-04 9.671664237976074219e-02
1.692261065356190205e+09 3.001689910888671875e-04 3.346610069274902344e-02
1.692261071391070127e+09 5.099773406982421875e-04 4.629993438720703125e-02
1.692261077405545235e+09 5.214214324951171875e-04 1.164114475250244141e-01
1.692261083678093910e+09 5.450248718261718750e-04 5.225563049316406250e-02
1.692261089911364794e+09 2.009868621826171875e-04 3.573393821716308594e-02
1.692261095992770195e+09 1.665592193603515625e-03 4.988956451416015625e-02
1.692261102109405041e+09 5.965232849121093750e-04 4.226994514465332031e-02
1.692261108101799488e+09 4.687309265136718750e-04 8.054447174072265625e-02
1.692261114240318537e+09 9.386539459228515625e-04 5.224919319152832031e-02
