1.692257152355551243e+09 1.087427139282226562e-03 6.376004219055175781e-02
1.692257158622609138e+09 5.168914794921875000e-04 4.794025421142578125e-02
1.692257164504030228e+09 5.190372467041015625e-04 1.053576469421386719e-01
1.692257170576053143e+09 4.811286926269531250e-04 5.647683143615722656e-02
1.692257176714063883e+09 5.159378051757812500e-04 4.217362403869628906e-02
1.692257182697827578e+09 5.202293395996093750e-04 4.450583457946777344e-02
1.692257188700636387e+09 1.804828643798828125e-04 8.173274993896484375e-02
1.692257194740262508e+09 4.615783691406250000e-04 3.741669654846191406e-02
1.692257200892992973e+09 2.129077911376953125e-04 4.750871658325195312e-02
1.692257207204697847e+09 5.133152008056640625e-04 1.095161437988281250e-01
1.692257213370194197e+09 5.617141723632812500e-04 4.530549049377441406e-02
1.692257219401710749e+09 5.028247833251953125e-04 7.710123062133789062e-02
1.692257225637020350e+09 5.567073822021484375e-04 1.093690395355224609e-01
1.692257231765882969e+09 6.146430969238281250e-04 2.840042114257812500e-02
1.692257237884825468e+09 2.920627593994140625e-04 3.420591354370117188e-02
1.692257244089348078e+09 5.443096160888671875e-04 4.570150375366210938e-02
1.692257250102493048e+09 6.089210510253906250e-04 3.613686561584472656e-02
1.692257256192717552e+09 4.849433898925781250e-04 7.037472724914550781e-02
1.692257262226995230e+09 6.005764007568359375e-04 4.466009140014648438e-02
1.692257268301354885e+09 5.445480346679687500e-04 4.019427299499511719e-02
1.692257274397382498e+09 8.242130279541015625e-04 9.591889381408691406e-02
1.692257280454796076e+09 8.406639099121093750e-04 4.522466659545898438e-02
1.692257286504090309e+09 2.172708511352539062e-03 3.515362739562988281e-02
1.692257292593537092e+09 7.894039154052734375e-04 4.202461242675781250e-02
1.692257298600989342e+09 5.447864532470703125e-04 3.848218917846679688e-02
1.692257304595845938e+09 1.792907714843750000e-04 8.016824722290039062e-02
1.692257310646023273e+09 5.989074707031250000e-04 3.964209556579589844e-02
1.692257316696118593e+09 5.497932434082031250e-04 3.596019744873046875e-02
1.692257322791742802e+09 4.689693450927734375e-04 7.647275924682617188e-02
1.692257329136668205e+09 5.912780761718750000e-04 4.446339607238769531e-02
