1.692255790112982273e+09 3.700256347656250000e-04 1.085491180419921875e-01
1.692255796426038980e+09 4.088878631591796875e-04 1.649515628814697266e-01
1.692255802480184078e+09 3.111362457275390625e-04 5.877232551574707031e-02
1.692255808476707697e+09 4.949569702148437500e-04 2.213721275329589844e-01
1.692255814843588829e+09 2.791881561279296875e-04 1.205723285675048828e-01
1.692255820934353828e+09 3.559589385986328125e-04 7.933354377746582031e-02
1.692255826994552851e+09 6.935119628906250000e-03 2.094762325286865234e-01
1.692255833135438204e+09 3.356933593750000000e-04 5.855202674865722656e-02
1.692255839274481297e+09 7.045269012451171875e-04 1.971004009246826172e-01
1.692255845743393660e+09 3.449916839599609375e-04 9.429240226745605469e-02
1.692255851908547163e+09 3.538131713867187500e-04 1.249837875366210938e-01
1.692255857939276457e+09 2.784729003906250000e-04 1.466307640075683594e-01
1.692255864160468340e+09 4.303455352783203125e-04 1.818611621856689453e-01
1.692255870298442364e+09 2.639293670654296875e-04 1.826291084289550781e-01
1.692255876496572495e+09 2.498626708984375000e-04 2.969276905059814453e-01
1.692255883010949850e+09 2.427101135253906250e-04 1.538870334625244141e-01
1.692255889167671919e+09 8.776187896728515625e-04 1.580119132995605469e-01
1.692255895381190777e+09 2.489089965820312500e-04 1.457796096801757812e-01
1.692255901468262196e+09 2.973079681396484375e-04 1.093745231628417969e-01
1.692255907623708963e+09 2.970695495605468750e-04 1.158359050750732422e-01
1.692255913831502676e+09 3.268718719482421875e-04 9.436392784118652344e-02
1.692255919909586430e+09 1.982688903808593750e-03 2.025403976440429688e-01
1.692255926122259140e+09 4.646778106689453125e-04 2.675280570983886719e-01
1.692255932383582830e+09 1.749992370605468750e-03 2.563343048095703125e-01
1.692255938674002171e+09 1.178264617919921875e-03 2.010395526885986328e-01
1.692255944837724686e+09 2.498626708984375000e-04 1.361413002014160156e-01
1.692255950850462675e+09 1.039981842041015625e-03 1.929390430450439453e-01
1.692255957114822626e+09 2.255439758300781250e-04 1.944398880004882812e-01
1.692255963309740305e+09 2.536773681640625000e-04 1.851267814636230469e-01
1.692255969817003489e+09 2.536773681640625000e-04 2.521440982818603516e-01
