1.692206723679450512e+09 4.549026489257812500e-04 7.979631423950195312e-02
1.692206729847081900e+09 3.769397735595703125e-04 1.134486198425292969e-01
1.692206735980697393e+09 9.683370590209960938e-03 9.557652473449707031e-02
1.692206742175534248e+09 3.426074981689453125e-04 3.030829429626464844e-01
1.692206748571213007e+09 3.657341003417968750e-04 1.313219070434570312e-01
1.692206754798482180e+09 4.847049713134765625e-04 1.594901084899902344e-01
1.692206761034136534e+09 9.329319000244140625e-04 1.661214828491210938e-01
1.692206767242552042e+09 7.429122924804687500e-04 2.208223342895507812e-01
1.692206773509547472e+09 5.807876586914062500e-04 1.073091030120849609e-01
1.692206779683413267e+09 3.921985626220703125e-04 1.392374038696289062e-01
1.692206785911668539e+09 3.268718719482421875e-04 1.192877292633056641e-01
1.692206792091769695e+09 5.900859832763671875e-04 1.057157516479492188e-01
1.692206798272251368e+09 5.147457122802734375e-04 1.520366668701171875e-01
1.692206804440731764e+09 2.357959747314453125e-04 2.287061214447021484e-01
1.692206810712652206e+09 2.379417419433593750e-04 2.088146209716796875e-01
1.692206816981572866e+09 3.554821014404296875e-04 1.454834938049316406e-01
1.692206823221283436e+09 3.089904785156250000e-04 1.832959651947021484e-01
1.692206829450410843e+09 5.688667297363281250e-04 1.415033340454101562e-01
1.692206835616100073e+09 2.501010894775390625e-04 8.025431632995605469e-02
1.692206841756047726e+09 8.578300476074218750e-04 1.535725593566894531e-01
1.692206847934562206e+09 2.555847167968750000e-04 1.152338981628417969e-01
1.692206854088384390e+09 2.911090850830078125e-04 1.960928440093994141e-01
1.692206860366001129e+09 8.184909820556640625e-04 1.183705329895019531e-01
1.692206866595196009e+09 2.918243408203125000e-04 7.827877998352050781e-02
1.692206872769847155e+09 2.474784851074218750e-04 1.503071784973144531e-01
1.692206879016542435e+09 5.416870117187500000e-04 1.449990272521972656e-01
1.692206885232570648e+09 3.886222839355468750e-04 8.851170539855957031e-02
1.692206891357115746e+09 2.839565277099609375e-04 1.763966083526611328e-01
1.692206897559138060e+09 1.020908355712890625e-03 1.010956764221191406e-01
1.692206903669977665e+09 7.958412170410156250e-04 1.375629901885986328e-01
