1.692264625507825613e+09 3.726482391357421875e-04 1.599166393280029297e-01
1.692264631764273405e+09 7.510185241699218750e-04 1.003484725952148438e-01
1.692264637914326906e+09 2.806186676025390625e-04 1.770827770233154297e-01
1.692264644179485321e+09 3.933906555175781250e-04 9.175062179565429688e-02
1.692264650196552992e+09 6.401538848876953125e-04 9.458899497985839844e-02
1.692264656511576653e+09 4.842281341552734375e-04 1.359441280364990234e-01
1.692264662738743305e+09 3.693103790283203125e-04 7.573032379150390625e-02
1.692264668778944731e+09 1.380443572998046875e-03 1.936521530151367188e-01
1.692264675208768368e+09 4.403591156005859375e-04 1.948621273040771484e-01
1.692264681498783112e+09 2.379179000854492188e-03 3.212554454803466797e-01
1.692264687831774235e+09 7.162094116210937500e-04 1.546947956085205078e-01
1.692264693963922977e+09 3.638267517089843750e-04 1.624286174774169922e-01
1.692264700379168034e+09 1.367807388305664062e-03 4.398109912872314453e-01
1.692264706996787071e+09 2.794265747070312500e-04 6.333160400390625000e-02
1.692264713073180914e+09 2.779960632324218750e-04 1.173083782196044922e-01
1.692264719319347620e+09 2.949237823486328125e-04 1.106765270233154297e-01
1.692264725312474728e+09 3.824234008789062500e-04 1.339199542999267578e-01
1.692264731637770891e+09 8.690357208251953125e-04 2.617509365081787109e-01
1.692264737981601238e+09 2.701282501220703125e-04 1.216995716094970703e-01
1.692264744123963356e+09 7.905960083007812500e-04 9.580659866333007812e-02
1.692264750206079245e+09 1.003980636596679688e-03 2.370951175689697266e-01
1.692264756662239075e+09 2.737045288085937500e-04 1.526589393615722656e-01
1.692264762555808783e+09 2.706050872802734375e-04 1.179695129394531250e-01
1.692264768920440674e+09 3.745555877685546875e-04 7.142448425292968750e-02
1.692264775173993826e+09 6.718635559082031250e-04 1.573047637939453125e-01
1.692264781362548113e+09 4.079341888427734375e-04 7.216024398803710938e-02
1.692264787575054407e+09 2.489089965820312500e-04 1.298696994781494141e-01
1.692264793638974667e+09 3.573894500732421875e-04 1.702172756195068359e-01
1.692264799772985220e+09 2.713203430175781250e-04 1.984210014343261719e-01
1.692264805900732040e+09 4.086494445800781250e-04 8.489656448364257812e-02
