1.692265571699675560e+09 9.126663208007812500e-04 1.281352043151855469e-01
1.692265577843271732e+09 4.398822784423828125e-04 2.486793994903564453e-01
1.692265584149819613e+09 1.071929931640625000e-03 1.671693325042724609e-01
1.692265590390843868e+09 7.424354553222656250e-04 9.181380271911621094e-02
1.692265596498788595e+09 3.247261047363281250e-04 1.253952980041503906e-01
1.692265602928063869e+09 3.075599670410156250e-04 5.936050415039062500e-02
1.692265609061587095e+09 2.589225769042968750e-04 1.099789142608642578e-01
1.692265615315113544e+09 5.458831787109375000e-03 1.032936573028564453e-01
1.692265621411631823e+09 4.234313964843750000e-04 2.333710193634033203e-01
1.692265627658313751e+09 8.378028869628906250e-04 1.617953777313232422e-01
1.692265633869615555e+09 2.784729003906250000e-04 1.285133361816406250e-01
1.692265640129652739e+09 2.665519714355468750e-04 1.106677055358886719e-01
1.692265646258692980e+09 2.589225769042968750e-04 9.677648544311523438e-02
1.692265652203370333e+09 2.806186676025390625e-04 1.493163108825683594e-01
1.692265658354306221e+09 9.982585906982421875e-04 1.603512763977050781e-01
1.692265664686149597e+09 5.128383636474609375e-04 9.091973304748535156e-02
1.692265670692416191e+09 2.809524536132812500e-03 5.029175281524658203e-01
1.692265677456269264e+09 1.434993743896484375e-02 4.998581409454345703e-01
1.692265684223834515e+09 5.731582641601562500e-04 3.811128139495849609e-01
1.692265690700052500e+09 4.833698272705078125e-03 2.569913864135742188e-01
1.692265696806810856e+09 4.734992980957031250e-04 7.010841369628906250e-02
1.692265702973299265e+09 7.059574127197265625e-04 1.855013370513916016e-01
1.692265709200926542e+09 4.906654357910156250e-04 2.952048778533935547e-01
1.692265715497027159e+09 4.911422729492187500e-04 3.929984569549560547e-01
1.692265721795676708e+09 1.051425933837890625e-03 3.111507892608642578e-01
1.692265728229794979e+09 4.541635513305664062e-03 1.513874530792236328e-01
1.692265734570291996e+09 1.047611236572265625e-03 1.604595184326171875e-01
1.692265740774578094e+09 2.610683441162109375e-04 2.365932464599609375e-01
1.692265746936698675e+09 3.046989440917968750e-04 1.652839183807373047e-01
1.692265753069158554e+09 8.230209350585937500e-04 1.614365577697753906e-01
