1.692204830506876469e+09 1.446962356567382812e-03 9.172320365905761719e-02
1.692204836705099583e+09 6.880283355712890625e-03 1.011965274810791016e-01
1.692204842823834658e+09 5.826950073242187500e-04 2.336125373840332031e-01
1.692204849142077208e+09 5.235671997070312500e-04 1.514749526977539062e-01
1.692204855359136581e+09 2.887248992919921875e-04 1.975970268249511719e-01
1.692204861613915443e+09 2.946853637695312500e-04 2.427649497985839844e-01
1.692204867950911760e+09 2.365112304687500000e-04 1.618020534515380859e-01
1.692204874174938202e+09 2.434253692626953125e-04 1.184086799621582031e-01
1.692204880329281569e+09 2.470016479492187500e-04 1.186673641204833984e-01
1.692204886526868820e+09 1.191759109497070312e-02 1.825590133666992188e-01
1.692204892814508677e+09 3.151893615722656250e-04 3.602106571197509766e-01
1.692204899267941475e+09 3.352165222167968750e-04 1.188838481903076172e-01
1.692204905424921274e+09 2.577304840087890625e-04 2.408084869384765625e-01
1.692204911747197628e+09 3.213882446289062500e-04 1.315901279449462891e-01
1.692204917941159010e+09 2.951622009277343750e-04 1.498565673828125000e-01
1.692204924159512997e+09 3.285408020019531250e-04 1.271190643310546875e-01
1.692204930335500956e+09 2.064466476440429688e-03 1.708712577819824219e-01
1.692204936592250824e+09 8.833885192871093750e-03 1.810915470123291016e-01
1.692204942804495096e+09 5.970001220703125000e-04 1.617817878723144531e-01
1.692204949081327200e+09 2.346038818359375000e-04 2.076687812805175781e-01
1.692204955322985411e+09 1.050782203674316406e-02 2.109208106994628906e-01
1.692204961634515524e+09 8.423328399658203125e-04 3.054249286651611328e-01
1.692204968027590990e+09 5.941390991210937500e-04 3.026046752929687500e-01
1.692204974413565159e+09 2.515316009521484375e-04 2.005417346954345703e-01
1.692204980714593649e+09 2.529621124267578125e-04 9.841799736022949219e-02
1.692204986904928446e+09 2.517700195312500000e-04 1.837298870086669922e-01
1.692204993090499640e+09 3.335475921630859375e-04 9.707808494567871094e-02
1.692204999204938889e+09 7.207393646240234375e-04 1.257855892181396484e-01
1.692205005457612514e+09 4.673004150390625000e-04 1.639797687530517578e-01
1.692205011677271128e+09 9.241104125976562500e-04 1.931402683258056641e-01
