1.692264940948512077e+09 3.883838653564453125e-04 6.909799575805664062e-02
1.692264947020619869e+09 4.000663757324218750e-04 5.569267272949218750e-02
1.692264953105872154e+09 5.049705505371093750e-04 1.778850555419921875e-01
1.692264959227919579e+09 2.701282501220703125e-04 1.209828853607177734e-01
1.692264965370223284e+09 2.377033233642578125e-04 1.261494159698486328e-01
1.692264971704468966e+09 1.799821853637695312e-03 1.650893688201904297e-01
1.692264977820724010e+09 6.470680236816406250e-04 2.322013378143310547e-01
1.692264984083845854e+09 4.212856292724609375e-04 1.440339088439941406e-01
1.692264990294969082e+09 8.468627929687500000e-04 1.772201061248779297e-01
1.692264996531864405e+09 4.382133483886718750e-04 1.882803440093994141e-01
1.692265002639099121e+09 9.787082672119140625e-04 1.938908100128173828e-01
1.692265008749290943e+09 5.109310150146484375e-04 3.071851730346679688e-01
1.692265015257629156e+09 2.603530883789062500e-04 1.688897609710693359e-01
1.692265021421656370e+09 3.266334533691406250e-04 1.007945537567138672e-01
1.692265027350602150e+09 7.662773132324218750e-04 8.569288253784179688e-02
1.692265033543303013e+09 2.439022064208984375e-04 4.741597175598144531e-02
1.692265039596640587e+09 3.705024719238281250e-04 6.150531768798828125e-02
1.692265045617258549e+09 2.915859222412109375e-04 6.052446365356445312e-02
1.692265051611814499e+09 1.240491867065429688e-03 2.428591251373291016e-01
1.692265058101339102e+09 2.954006195068359375e-04 1.693282127380371094e-01
1.692265064518647909e+09 3.974437713623046875e-04 1.154415607452392578e-01
1.692265070665564537e+09 1.334667205810546875e-03 1.547017097473144531e-01
1.692265076907810926e+09 8.134841918945312500e-04 1.523177623748779297e-01
1.692265083107346535e+09 9.729862213134765625e-04 1.074619293212890625e-01
1.692265089158865690e+09 6.392002105712890625e-04 2.491273880004882812e-01
1.692265095503680468e+09 2.790212631225585938e-03 1.649527549743652344e-01
1.692265101827459574e+09 1.477241516113281250e-03 1.499164104461669922e-01
1.692265108009042263e+09 6.687641143798828125e-04 1.542353630065917969e-01
1.692265114305557251e+09 2.686977386474609375e-04 1.703953742980957031e-01
1.692265120620162487e+09 2.539157867431640625e-04 1.130359172821044922e-01
