1.692218323632473707e+09 1.477003097534179688e-03 7.073807716369628906e-02
1.692218329801927567e+09 2.596378326416015625e-04 5.420160293579101562e-02
1.692218335886928558e+09 5.922317504882812500e-04 1.795508861541748047e-01
1.692218342121845007e+09 2.806186676025390625e-04 1.557276248931884766e-01
1.692218348288358212e+09 2.932548522949218750e-04 1.201863288879394531e-01
1.692218354451449633e+09 4.367828369140625000e-04 1.040892601013183594e-01
1.692218360636401176e+09 2.965927124023437500e-04 1.473505496978759766e-01
1.692218366881670952e+09 1.995325088500976562e-03 1.654865741729736328e-01
1.692218373106367588e+09 6.435394287109375000e-03 6.406760215759277344e-02
1.692218379205095768e+09 3.781318664550781250e-04 1.551988124847412109e-01
1.692218385385401249e+09 4.537105560302734375e-04 1.423237323760986328e-01
1.692218391579694271e+09 5.443096160888671875e-04 1.351351737976074219e-01
1.692218397780363560e+09 2.403259277343750000e-04 8.826017379760742188e-02
1.692218403918068886e+09 1.191854476928710938e-03 5.725741386413574219e-02
1.692218409995676041e+09 2.996921539306640625e-04 1.825459003448486328e-01
1.692218416215917587e+09 2.448558807373046875e-04 8.345413208007812500e-02
1.692218422325079679e+09 2.405643463134765625e-04 1.481928825378417969e-01
1.692218428477349043e+09 4.785060882568359375e-04 1.150317192077636719e-01
1.692218434648684502e+09 2.322196960449218750e-04 1.296174526214599609e-01
1.692218440862331152e+09 8.125305175781250000e-04 9.795331954956054688e-02
1.692218447027515411e+09 2.417564392089843750e-04 1.367037296295166016e-01
1.692218453168618202e+09 2.560615539550781250e-04 1.406345367431640625e-01
1.692218459369412661e+09 2.255439758300781250e-04 1.805815696716308594e-01
1.692218465612762213e+09 3.592967987060546875e-04 1.696944236755371094e-01
1.692218471799542427e+09 5.073547363281250000e-04 1.352345943450927734e-01
1.692218477966135263e+09 2.892017364501953125e-04 1.189289093017578125e-01
1.692218484149939060e+09 2.362728118896484375e-04 1.188545227050781250e-01
1.692218490347560406e+09 2.400875091552734375e-04 1.531248092651367188e-01
1.692218496582019329e+09 3.459453582763671875e-04 1.140370368957519531e-01
1.692218502743604660e+09 4.780292510986328125e-04 1.425607204437255859e-01
