1.692212028795430899e+09 7.216930389404296875e-04 4.345202445983886719e-02
1.692212034940134048e+09 5.986690521240234375e-04 4.630422592163085938e-02
1.692212041042885065e+09 3.461837768554687500e-04 6.636786460876464844e-02
1.692212047160775900e+09 7.617473602294921875e-04 5.886769294738769531e-02
1.692212053254174709e+09 8.337497711181640625e-04 4.126334190368652344e-02
1.692212059341971636e+09 9.257793426513671875e-04 4.347777366638183594e-02
1.692212065442441463e+09 2.682209014892578125e-04 3.189802169799804688e-02
1.692212071526883841e+09 6.341934204101562500e-04 7.871365547180175781e-02
1.692212077677196503e+09 5.643367767333984375e-04 1.337740421295166016e-01
1.692212083830264330e+09 4.448890686035156250e-04 5.210041999816894531e-02
1.692212089947459936e+09 1.809597015380859375e-04 7.744288444519042969e-02
1.692212096074844360e+09 9.815692901611328125e-04 8.029961585998535156e-02
1.692212102190490007e+09 5.390644073486328125e-04 5.877017974853515625e-02
1.692212108255301714e+09 5.364418029785156250e-04 4.407858848571777344e-02
1.692212114340719700e+09 5.016326904296875000e-04 4.302692413330078125e-02
1.692212120438456535e+09 2.770423889160156250e-03 8.098673820495605469e-02
1.692212126579875946e+09 9.362697601318359375e-04 9.928894042968750000e-02
1.692212132698315620e+09 7.016897201538085938e-03 9.092688560485839844e-02
1.692212138910682201e+09 4.029273986816406250e-04 6.777143478393554688e-02
1.692212145065444708e+09 5.130767822265625000e-04 1.096022129058837891e-01
1.692212151206818104e+09 1.873970031738281250e-04 6.315970420837402344e-02
1.692212157360551596e+09 5.767345428466796875e-04 1.067190170288085938e-01
1.692212163506670713e+09 2.739429473876953125e-04 5.372595787048339844e-02
1.692212169648142815e+09 5.383491516113281250e-04 1.008369922637939453e-01
1.692212175797595978e+09 1.914501190185546875e-04 9.280443191528320312e-02
1.692212181990986824e+09 5.524158477783203125e-04 1.055686473846435547e-01
1.692212188102218628e+09 1.149654388427734375e-03 8.147192001342773438e-02
1.692212194288197756e+09 5.683898925781250000e-04 4.437637329101562500e-02
1.692212200341420889e+09 5.292892456054687500e-04 9.381842613220214844e-02
1.692212206490512848e+09 8.516311645507812500e-04 4.366922378540039062e-02
