1.692211397806371689e+09 4.274845123291015625e-04 6.689476966857910156e-02
1.692211403975649834e+09 2.315044403076171875e-04 3.532791137695312500e-02
1.692211410058840513e+09 5.745887756347656250e-04 1.330404281616210938e-01
1.692211416242982149e+09 2.110004425048828125e-04 8.283042907714843750e-02
1.692211422390713692e+09 5.407333374023437500e-04 1.074535846710205078e-01
1.692211428515883446e+09 1.866817474365234375e-04 8.316111564636230469e-02
1.692211434702792168e+09 6.005764007568359375e-04 1.080532073974609375e-01
1.692211440816610336e+09 7.398128509521484375e-04 4.860305786132812500e-02
1.692211446960469007e+09 5.555152893066406250e-04 7.825255393981933594e-02
1.692211453092198610e+09 5.655288696289062500e-04 8.686685562133789062e-02
1.692211459195523977e+09 5.838871002197265625e-04 4.383611679077148438e-02
1.692211465252375126e+09 1.661777496337890625e-04 3.164196014404296875e-02
1.692211471337679625e+09 2.017498016357421875e-03 3.709745407104492188e-02
1.692211477444962978e+09 1.764297485351562500e-04 8.491373062133789062e-02
1.692211483598269939e+09 6.272792816162109375e-04 1.020913124084472656e-01
1.692211489710846663e+09 4.112720489501953125e-04 6.813645362854003906e-02
1.692211495878429890e+09 6.167888641357421875e-04 9.681963920593261719e-02
1.692211502005752325e+09 3.035068511962890625e-04 6.849861145019531250e-02
1.692211508175328016e+09 3.898620605468750000e-03 8.339452743530273438e-02
1.692211514312097549e+09 1.740455627441406250e-04 2.844405174255371094e-02
1.692211520434534073e+09 1.773834228515625000e-04 2.671074867248535156e-02
1.692211526532931566e+09 6.859302520751953125e-04 7.149314880371093750e-02
1.692211532678766727e+09 5.404949188232421875e-04 9.434652328491210938e-02
1.692211538814485550e+09 5.588531494140625000e-04 1.076645851135253906e-01
1.692211545016266584e+09 1.866817474365234375e-04 4.132032394409179688e-02
1.692211551152330875e+09 5.702972412109375000e-04 1.166217327117919922e-01
1.692211557325341702e+09 1.136946678161621094e-02 7.466602325439453125e-02
1.692211563497920275e+09 5.033016204833984375e-04 3.534030914306640625e-02
1.692211569543368816e+09 1.685619354248046875e-04 4.648780822753906250e-02
1.692211575652616978e+09 2.965927124023437500e-04 6.552052497863769531e-02
