1.692266297395618677e+09 6.892681121826171875e-04 4.340028762817382812e-02
1.692266303441789150e+09 9.102821350097656250e-04 4.203248023986816406e-02
1.692266309542419434e+09 8.409023284912109375e-04 1.207916736602783203e-01
1.692266315620985270e+09 9.415149688720703125e-04 3.923511505126953125e-02
1.692266321639506817e+09 1.935958862304687500e-04 4.351758956909179688e-02
1.692266327942372322e+09 1.895427703857421875e-04 3.584980964660644531e-02
1.692266333932969809e+09 3.030300140380859375e-04 8.467221260070800781e-02
1.692266340089533806e+09 5.335807800292968750e-04 4.907202720642089844e-02
1.692266346246212482e+09 3.333091735839843750e-04 3.907442092895507812e-02
1.692266352362488508e+09 5.292892456054687500e-04 4.036092758178710938e-02
1.692266358338134050e+09 9.174346923828125000e-04 1.059236526489257812e-01
1.692266364406495094e+09 5.216598510742187500e-04 4.217529296875000000e-02
1.692266370640318632e+09 3.910064697265625000e-04 4.269218444824218750e-02
1.692266376740155697e+09 1.828670501708984375e-04 3.453946113586425781e-02
1.692266382630028963e+09 2.102851867675781250e-04 6.420564651489257812e-02
1.692266388764714956e+09 5.645751953125000000e-04 9.799742698669433594e-02
1.692266394896248817e+09 5.524158477783203125e-04 4.169011116027832031e-02
1.692266400940400600e+09 1.061701774597167969e-02 7.380723953247070312e-02
1.692266406987802029e+09 5.691051483154296875e-04 4.287815093994140625e-02
1.692266413241668701e+09 5.359649658203125000e-04 4.940295219421386719e-02
1.692266419548166990e+09 5.404949188232421875e-04 3.724956512451171875e-02
1.692266425635536432e+09 4.994869232177734375e-04 3.981924057006835938e-02
1.692266431737663746e+09 5.135536193847656250e-04 8.762478828430175781e-02
1.692266437885911703e+09 5.795955657958984375e-04 1.300497055053710938e-01
1.692266444028423786e+09 1.974105834960937500e-04 7.694983482360839844e-02
1.692266450177777290e+09 2.901554107666015625e-04 4.740309715270996094e-02
1.692266456344120502e+09 1.969337463378906250e-04 7.593297958374023438e-02
1.692266462491547585e+09 1.769065856933593750e-04 2.782440185546875000e-02
1.692266468623764753e+09 4.737377166748046875e-04 1.151728630065917969e-01
1.692266474819212198e+09 5.440711975097656250e-04 4.426407814025878906e-02
