1.692197888976069689e+09 4.057884216308593750e-04 5.553483963012695312e-02
1.692197895125017405e+09 3.213882446289062500e-04 1.494028568267822266e-01
1.692197901325573444e+09 6.461143493652343750e-04 9.340405464172363281e-02
1.692197907473896980e+09 2.775192260742187500e-04 1.692259311676025391e-01
1.692197913738027334e+09 2.462863922119140625e-04 1.345953941345214844e-01
1.692197919903848648e+09 2.574920654296875000e-04 1.312015056610107422e-01
1.692197926100578547e+09 2.634525299072265625e-04 9.999775886535644531e-02
1.692197932269194126e+09 3.399848937988281250e-04 6.031990051269531250e-02
1.692197938429815769e+09 2.167224884033203125e-04 1.951329708099365234e-01
1.692197944670784473e+09 2.341270446777343750e-04 1.009707450866699219e-01
1.692197950870820761e+09 2.434253692626953125e-04 1.204390525817871094e-01
1.692197957089692831e+09 2.245903015136718750e-04 1.896393299102783203e-01
1.692197963358360291e+09 2.331733703613281250e-04 1.911244392395019531e-01
1.692197969559875727e+09 2.703666687011718750e-04 1.190109252929687500e-01
1.692197975688395739e+09 2.510547637939453125e-04 1.031894683837890625e-01
1.692197981872540236e+09 2.386569976806640625e-04 1.303203105926513672e-01
1.692197988099260569e+09 2.505779266357421875e-04 1.243622303009033203e-01
1.692197994293350458e+09 1.614093780517578125e-03 1.220853328704833984e-01
1.692198000505559206e+09 2.751350402832031250e-04 2.234327793121337891e-01
1.692198006792618036e+09 7.178783416748046875e-04 8.501100540161132812e-02
1.692198012967954874e+09 7.290840148925781250e-04 8.358836174011230469e-02
1.692198019159497738e+09 2.379417419433593750e-04 8.368539810180664062e-02
1.692198025258101702e+09 3.731250762939453125e-04 1.579248905181884766e-01
1.692198031433969736e+09 3.511905670166015625e-04 1.276659965515136719e-01
1.692198037597664356e+09 2.422332763671875000e-04 2.231547832489013672e-01
1.692198043899062872e+09 2.894401550292968750e-04 2.337656021118164062e-01
1.692198050204783678e+09 2.441406250000000000e-04 1.112892627716064453e-01
1.692198056380251169e+09 2.310276031494140625e-04 1.600489616394042969e-01
1.692198062629428148e+09 5.931854248046875000e-04 1.604621410369873047e-01
1.692198068842795134e+09 4.899501800537109375e-04 2.509276866912841797e-01
