1.692192840549644947e+09 3.862380981445312500e-04 1.769151687622070312e-01
1.692192846830349684e+09 7.472515106201171875e-03 9.557414054870605469e-02
1.692192852961055756e+09 3.609657287597656250e-04 1.656098365783691406e-01
1.692192859218991280e+09 3.561973571777343750e-04 9.498691558837890625e-02
1.692192865345942259e+09 6.017684936523437500e-04 1.441383361816406250e-01
1.692192871502250195e+09 9.591579437255859375e-04 1.526854038238525391e-01
1.692192877705570459e+09 9.446144104003906250e-04 1.208257675170898438e-01
1.692192883874181986e+09 2.503395080566406250e-04 1.232292652130126953e-01
1.692192890078633308e+09 2.665519714355468750e-04 1.220097541809082031e-01
1.692192896272265196e+09 1.666069030761718750e-03 1.079642772674560547e-01
1.692192902470914364e+09 2.386569976806640625e-04 1.196990013122558594e-01
1.692192908669791222e+09 8.125305175781250000e-04 1.779403686523437500e-01
1.692192914941833735e+09 9.589195251464843750e-04 1.544454097747802734e-01
1.692192921113857031e+09 8.471012115478515625e-04 1.435451507568359375e-01
1.692192927310232639e+09 2.501010894775390625e-04 2.578506469726562500e-01
1.692192933607614994e+09 2.462863922119140625e-04 1.127910614013671875e-01
1.692192939763020992e+09 2.462863922119140625e-04 1.226720809936523438e-01
1.692192945972957611e+09 9.636878967285156250e-04 3.348906040191650391e-01
1.692192952389359474e+09 4.091262817382812500e-04 1.416785717010498047e-01
1.692192958597993374e+09 2.589225769042968750e-04 1.210970878601074219e-01
1.692192964776524305e+09 7.665157318115234375e-04 2.186605930328369141e-01
1.692192971079890251e+09 2.577304840087890625e-04 1.189167499542236328e-01
1.692192977269168615e+09 3.697872161865234375e-04 2.353427410125732422e-01
1.692192983592278242e+09 2.601146697998046875e-04 5.983591079711914062e-02
1.692192989710124969e+09 2.272129058837890625e-04 1.522696018218994141e-01
1.692192995903235435e+09 2.331733703613281250e-04 1.700599193572998047e-01
1.692193002119955063e+09 1.192808151245117188e-03 3.240957260131835938e-01
1.692193008482214451e+09 3.290176391601562500e-04 1.552510261535644531e-01
1.692193014705949783e+09 3.769397735595703125e-04 1.504590511322021484e-01
1.692193020905801535e+09 3.490447998046875000e-04 1.602087020874023438e-01
