1.692221163315769911e+09 3.166198730468750000e-04 1.523597240447998047e-01
1.692221169568729401e+09 1.216888427734375000e-03 1.428711414337158203e-01
1.692221175765634298e+09 2.393722534179687500e-04 1.176412105560302734e-01
1.692221181937399149e+09 9.331703186035156250e-04 9.047126770019531250e-02
1.692221188109773397e+09 5.114793777465820312e-03 1.468007564544677734e-01
1.692221194275563002e+09 3.099441528320312500e-04 1.282110214233398438e-01
1.692221200446145058e+09 2.241134643554687500e-04 1.469333171844482422e-01
1.692221206673354626e+09 2.408027648925781250e-04 7.973814010620117188e-02
1.692221212796345234e+09 8.609294891357421875e-04 8.770418167114257812e-02
1.692221218905530453e+09 3.681182861328125000e-04 1.395957469940185547e-01
1.692221225088743925e+09 8.952617645263671875e-04 1.278986930847167969e-01
1.692221231247713327e+09 2.362728118896484375e-04 1.020262241363525391e-01
1.692221237420044184e+09 2.603530883789062500e-04 1.560769081115722656e-01
1.692221243678722620e+09 2.989768981933593750e-04 1.113255023956298828e-01
1.692221249828502178e+09 4.094839096069335938e-03 1.003680229187011719e-01
1.692221256032473326e+09 5.347728729248046875e-04 9.149098396301269531e-02
1.692221262224380255e+09 2.384185791015625000e-04 8.177232742309570312e-02
1.692221268399113178e+09 1.158714294433593750e-03 9.783673286437988281e-02
1.692221274516773462e+09 2.553462982177734375e-04 5.121326446533203125e-02
1.692221280667759895e+09 2.529621124267578125e-04 1.109535694122314453e-01
1.692221286828174591e+09 2.474784851074218750e-04 1.161165237426757812e-01
1.692221293032464981e+09 2.336502075195312500e-04 1.481184959411621094e-01
1.692221299271121025e+09 2.613067626953125000e-04 1.348011493682861328e-01
1.692221305451806307e+09 2.393722534179687500e-04 1.527178287506103516e-01
1.692221311677758932e+09 2.565383911132812500e-04 1.682581901550292969e-01
1.692221317885222912e+09 2.403259277343750000e-04 2.096371650695800781e-01
1.692221324126118898e+09 7.445812225341796875e-04 1.299242973327636719e-01
1.692221330357831955e+09 3.445148468017578125e-04 1.404714584350585938e-01
1.692221336559609890e+09 7.686614990234375000e-04 7.322216033935546875e-02
1.692221342690439224e+09 8.959770202636718750e-04 1.772913932800292969e-01
