1.692218334882953405e+09 6.861686706542968750e-04 8.038544654846191406e-02
1.692218341052736759e+09 4.696846008300781250e-04 8.357286453247070312e-02
1.692218347165877581e+09 9.176731109619140625e-04 4.104566574096679688e-02
1.692218353215020418e+09 5.187988281250000000e-04 4.212474822998046875e-02
1.692218359314221859e+09 2.710819244384765625e-04 3.978419303894042969e-02
1.692218365411388636e+09 2.572536468505859375e-04 5.027675628662109375e-02
1.692218371542109489e+09 5.700588226318359375e-04 8.804965019226074219e-02
1.692218377675461054e+09 2.133846282958984375e-04 6.557273864746093750e-02
1.692218383837049007e+09 5.245208740234375000e-04 9.858131408691406250e-02
1.692218389977733850e+09 6.246566772460937500e-04 1.053683757781982422e-01
1.692218396186393023e+09 4.959583282470703125e-03 8.700299263000488281e-02
1.692218402369394541e+09 3.298521041870117188e-03 9.669280052185058594e-02
1.692218408576991558e+09 4.060268402099609375e-03 6.392717361450195312e-02
1.692218414739591837e+09 5.104541778564453125e-04 4.149961471557617188e-02
1.692218420813138008e+09 2.686977386474609375e-04 6.576895713806152344e-02
1.692218426939340115e+09 2.152919769287109375e-04 7.806491851806640625e-02
1.692218433080230474e+09 1.957416534423828125e-04 3.508901596069335938e-02
1.692218439211133003e+09 3.336668014526367188e-03 7.811212539672851562e-02
1.692218445361894846e+09 5.736351013183593750e-04 8.002781867980957031e-02
1.692218451452301502e+09 8.614063262939453125e-04 3.362178802490234375e-02
1.692218457507669210e+09 5.524158477783203125e-04 5.170249938964843750e-02
1.692218463622966766e+09 3.692150115966796875e-03 7.498979568481445312e-02
1.692218469762621641e+09 5.238056182861328125e-04 8.235144615173339844e-02
1.692218475854634285e+09 5.135536193847656250e-04 4.363560676574707031e-02
1.692218481915715456e+09 5.700588226318359375e-04 3.984951972961425781e-02
1.692218488011677980e+09 5.280971527099609375e-04 3.621459007263183594e-02
1.692218494108268976e+09 1.764297485351562500e-04 4.287052154541015625e-02
1.692218500216239691e+09 5.025863647460937500e-04 9.997415542602539062e-02
1.692218506381839991e+09 3.411054611206054688e-03 9.342074394226074219e-02
1.692218512586016893e+09 1.647424697875976562e-02 8.934760093688964844e-02
