1.692263144384371281e+09 2.267360687255859375e-04 3.475832939147949219e-02
1.692263150318363190e+09 5.383491516113281250e-04 3.494143486022949219e-02
1.692263156522097349e+09 6.136894226074218750e-04 4.610490798950195312e-02
1.692263162431626320e+09 3.547668457031250000e-04 4.133987426757812500e-02
1.692263168526563883e+09 3.874301910400390625e-04 5.196905136108398438e-02
1.692263174635699272e+09 7.872581481933593750e-04 4.033112525939941406e-02
1.692263180827240705e+09 5.683898925781250000e-04 3.925728797912597656e-02
1.692263186926500082e+09 2.830028533935546875e-04 9.966325759887695312e-02
1.692263193006439924e+09 5.810260772705078125e-04 8.585262298583984375e-02
1.692263199271342039e+09 5.657672882080078125e-04 4.981184005737304688e-02
1.692263205534953117e+09 5.187988281250000000e-04 1.038331985473632812e-01
1.692263211596374512e+09 6.968975067138671875e-04 3.469538688659667969e-02
1.692263217718622923e+09 7.929801940917968750e-04 4.540371894836425781e-02
1.692263223732930899e+09 1.612424850463867188e-03 5.030989646911621094e-02
1.692263229838249207e+09 2.801179885864257812e-03 9.983611106872558594e-02
1.692263236017757416e+09 5.767345428466796875e-04 4.504728317260742188e-02
1.692263242030534983e+09 4.920959472656250000e-04 4.989171028137207031e-02
1.692263248135155678e+09 2.338886260986328125e-04 5.261540412902832031e-02
1.692263254138288021e+09 5.700588226318359375e-04 4.313468933105468750e-02
1.692263260128525734e+09 5.054473876953125000e-04 4.779267311096191406e-02
1.692263266232780218e+09 3.943443298339843750e-04 5.058121681213378906e-02
1.692263272135599852e+09 5.254745483398437500e-04 4.611229896545410156e-02
1.692263278131397486e+09 1.893043518066406250e-04 6.881761550903320312e-02
1.692263284252470732e+09 1.921653747558593750e-04 3.801321983337402344e-02
1.692263290421641827e+09 5.006790161132812500e-04 4.075431823730468750e-02
1.692263296626043797e+09 5.033016204833984375e-04 4.528498649597167969e-02
1.692263302630462408e+09 1.792907714843750000e-04 8.693861961364746094e-02
1.692263308885827541e+09 5.466938018798828125e-04 4.952239990234375000e-02
1.692263315134735346e+09 3.044605255126953125e-04 8.799910545349121094e-02
1.692263321390151262e+09 1.881122589111328125e-04 4.801130294799804688e-02
