1.692225272011275053e+09 2.281665802001953125e-04 3.174805641174316406e-02
1.692225278142237663e+09 1.885890960693359375e-04 7.825946807861328125e-02
1.692225284290489674e+09 5.731582641601562500e-04 8.376955986022949219e-02
1.692225290396873713e+09 5.624294281005859375e-04 4.038453102111816406e-02
1.692225296453482628e+09 5.595684051513671875e-04 4.171633720397949219e-02
1.692225302554503679e+09 2.584457397460937500e-04 3.660154342651367188e-02
1.692225308647813082e+09 1.833438873291015625e-04 7.581186294555664062e-02
1.692225314794187784e+09 5.326271057128906250e-04 9.714317321777343750e-02
1.692225320910302639e+09 1.168012619018554688e-03 5.455017089843750000e-02
1.692225327069222450e+09 5.390644073486328125e-04 7.005453109741210938e-02
1.692225333184047222e+09 8.139610290527343750e-04 3.772997856140136719e-02
1.692225339251222372e+09 1.690626144409179688e-03 7.503223419189453125e-02
1.692225345387813330e+09 9.448528289794921875e-04 8.596038818359375000e-02
1.692225351521333456e+09 3.323554992675781250e-04 5.624294281005859375e-02
1.692225357667940378e+09 1.943111419677734375e-04 6.300663948059082031e-02
1.692225363776731491e+09 5.459785461425781250e-04 9.926557540893554688e-02
1.692225369912170649e+09 3.697156906127929688e-03 7.645940780639648438e-02
1.692225376100806713e+09 8.563995361328125000e-04 4.522466659545898438e-02
1.692225382160896301e+09 8.339881896972656250e-04 3.919768333435058594e-02
1.692225388253722429e+09 4.134178161621093750e-04 3.280353546142578125e-02
1.692225394344857216e+09 1.821517944335937500e-04 7.403755187988281250e-02
1.692225400488864422e+09 5.335807800292968750e-04 3.857016563415527344e-02
1.692225406551764011e+09 1.685619354248046875e-04 3.262686729431152344e-02
1.692225412643704414e+09 1.964569091796875000e-04 7.591915130615234375e-02
1.692225418794752359e+09 1.969337463378906250e-04 6.839990615844726562e-02
1.692225424891570807e+09 1.907348632812500000e-04 7.610607147216796875e-02
1.692225431013112068e+09 3.090620040893554688e-03 6.467843055725097656e-02
1.692225437183535099e+09 5.602836608886718750e-04 3.918576240539550781e-02
1.692225443252628326e+09 3.228187561035156250e-04 3.690528869628906250e-02
1.692225449348337173e+09 8.053779602050781250e-04 9.233903884887695312e-02
