1.692279724560815096e+09 5.149841308593750000e-04 2.567574977874755859e-01
1.692279730895125389e+09 3.992319107055664062e-03 3.626518249511718750e-01
1.692279737303278446e+09 1.315116882324218750e-03 2.455086708068847656e-01
1.692279743578027964e+09 2.600908279418945312e-03 2.926690578460693359e-01
1.692279749946430445e+09 7.028579711914062500e-04 3.114461898803710938e-01
1.692279756356126308e+09 2.509355545043945312e-03 3.001651763916015625e-01
1.692279762739006042e+09 6.313323974609375000e-04 4.510250091552734375e-01
1.692279769298358440e+09 1.181364059448242188e-03 2.665405273437500000e-01
1.692279775611793995e+09 4.808902740478515625e-04 3.006372451782226562e-01
1.692279781936998844e+09 1.021623611450195312e-03 2.784566879272460938e-01
1.692279788310737371e+09 5.502700805664062500e-04 3.169701099395751953e-01
1.692279794681200504e+09 9.856224060058593750e-04 2.891788482666015625e-01
1.692279801058440924e+09 1.686334609985351562e-03 3.200507164001464844e-01
1.692279807459039450e+09 6.709098815917968750e-04 3.453767299652099609e-01
1.692279813882843494e+09 7.715225219726562500e-04 2.772467136383056641e-01
1.692279820212229729e+09 7.790565490722656250e-03 2.961070537567138672e-01
1.692279826541485548e+09 1.105785369873046875e-03 2.752444744110107422e-01
1.692279832918851614e+09 1.011371612548828125e-03 3.219816684722900391e-01
1.692279839261956692e+09 8.013248443603515625e-04 3.635904788970947266e-01
1.692279845698323965e+09 1.501083374023437500e-03 2.940442562103271484e-01
1.692279852027028561e+09 4.537105560302734375e-04 2.982182502746582031e-01
1.692279858434770107e+09 1.617908477783203125e-03 2.796750068664550781e-01
1.692279864722658634e+09 1.235008239746093750e-03 2.329728603363037109e-01
1.692279870963700771e+09 1.351594924926757812e-03 2.983191013336181641e-01
1.692279877343630314e+09 6.918907165527343750e-04 3.664145469665527344e-01
1.692279883719234705e+09 9.505748748779296875e-04 2.824442386627197266e-01
1.692279890017958641e+09 5.295276641845703125e-04 3.416547775268554688e-01
1.692279896376147032e+09 4.584789276123046875e-04 3.015377521514892578e-01
1.692279902743694782e+09 6.086826324462890625e-03 2.624471187591552734e-01
1.692279909115344286e+09 7.069110870361328125e-04 2.819576263427734375e-01
