1.692263363617378235e+09 1.086163520812988281e-02 1.427612304687500000e-01
1.692263369850500822e+09 1.714777946472167969e-02 1.679718494415283203e-01
1.692263376079160929e+09 4.379749298095703125e-04 3.420591354370117188e-01
1.692263382539603472e+09 6.792545318603515625e-04 1.863970756530761719e-01
1.692263388799134254e+09 4.980564117431640625e-03 3.081700801849365234e-01
1.692263395047805548e+09 1.556873321533203125e-03 3.322193622589111328e-01
1.692263401338102341e+09 1.653909683227539062e-03 2.727222442626953125e-01
1.692263407700374603e+09 2.977848052978515625e-04 2.109210491180419922e-01
1.692263414019348383e+09 4.780292510986328125e-04 3.120801448822021484e-01
1.692263420226288080e+09 4.117965698242187500e-03 1.989724636077880859e-01
1.692263426615302086e+09 7.171630859375000000e-04 2.367422580718994141e-01
1.692263432842199802e+09 2.960443496704101562e-03 1.972625255584716797e-01
1.692263438997166157e+09 1.642942428588867188e-03 2.394008636474609375e-01
1.692263445140950441e+09 1.108646392822265625e-03 3.140802383422851562e-01
1.692263451426027060e+09 3.222227096557617188e-03 2.197067737579345703e-01
1.692263458038836002e+09 3.623962402343750000e-04 1.514737606048583984e-01
1.692263464256017923e+09 4.293918609619140625e-04 4.517834186553955078e-01
1.692263470994739532e+09 4.980564117431640625e-04 3.728678226470947266e-01
1.692263477470740557e+09 3.216266632080078125e-04 2.959787845611572266e-01
1.692263483816211700e+09 4.315376281738281250e-04 1.608216762542724609e-01
1.692263489956352472e+09 6.446838378906250000e-04 2.324509620666503906e-01
1.692263496328252316e+09 5.378723144531250000e-04 3.230171203613281250e-01
1.692263502838554859e+09 2.872943878173828125e-04 2.205898761749267578e-01
1.692263509125788689e+09 4.608631134033203125e-04 3.391113281250000000e-01
1.692263515537013292e+09 8.444786071777343750e-04 2.459721565246582031e-01
1.692263521854475498e+09 2.672672271728515625e-04 1.701419353485107422e-01
1.692263528091785908e+09 2.858638763427734375e-04 1.684334278106689453e-01
1.692263534373647213e+09 1.610994338989257812e-03 1.978116035461425781e-01
1.692263540717674255e+09 5.781650543212890625e-04 1.907711029052734375e-01
1.692263546797015190e+09 8.368492126464843750e-04 2.463948726654052734e-01
