1.692217692613792419e+09 2.951622009277343750e-04 1.384952068328857422e-01
1.692217698769032717e+09 2.589225769042968750e-04 1.200530529022216797e-01
1.692217704934788227e+09 5.810260772705078125e-04 9.877324104309082031e-02
1.692217711119470119e+09 8.022785186767578125e-04 1.808338165283203125e-01
1.692217717415417433e+09 5.083560943603515625e-03 1.535537242889404297e-01
1.692217723681790590e+09 1.899719238281250000e-03 1.682631969451904297e-01
1.692217729886338472e+09 2.462863922119140625e-04 5.768847465515136719e-02
1.692217735975815535e+09 2.751350402832031250e-04 1.589620113372802734e-01
1.692217742175964355e+09 3.440380096435546875e-04 1.455876827239990234e-01
1.692217748362524509e+09 9.021759033203125000e-04 1.037454605102539062e-01
1.692217754522212029e+09 7.836818695068359375e-04 2.160785198211669922e-01
1.692217760833843470e+09 2.489089965820312500e-04 1.509208679199218750e-01
1.692217767065451860e+09 9.603500366210937500e-04 1.674451828002929688e-01
1.692217773285745144e+09 6.234645843505859375e-04 2.763972282409667969e-01
1.692217779604019642e+09 3.290176391601562500e-04 1.582913398742675781e-01
1.692217785773919106e+09 2.465248107910156250e-04 6.148219108581542969e-02
1.692217791878476858e+09 2.510547637939453125e-04 5.292010307312011719e-02
1.692217797966933250e+09 2.388954162597656250e-04 1.650118827819824219e-01
1.692217804178857327e+09 1.406669616699218750e-03 1.633136272430419922e-01
1.692217810392584562e+09 4.410743713378906250e-04 1.520521640777587891e-01
1.692217816566435099e+09 2.641677856445312500e-04 1.227486133575439453e-01
1.692217822736680984e+09 5.960464477539062500e-04 2.608349323272705078e-01
1.692217829104199886e+09 8.347034454345703125e-04 2.409448623657226562e-01
1.692217835372486591e+09 1.501798629760742188e-03 1.158626079559326172e-01
1.692217841536944389e+09 4.413127899169921875e-04 1.275644302368164062e-01
1.692217847744712353e+09 1.051425933837890625e-03 9.031796455383300781e-02
1.692217853908366203e+09 1.419067382812500000e-03 1.225755214691162109e-01
1.692217860042454004e+09 2.908706665039062500e-04 1.273870468139648438e-01
1.692217866243527651e+09 2.679824829101562500e-04 8.806347846984863281e-02
1.692217872404346228e+09 3.025531768798828125e-04 1.338968276977539062e-01
