1.692258414379171610e+09 6.663799285888671875e-04 4.704499244689941406e-02
1.692258420423567533e+09 5.240440368652343750e-04 1.393623352050781250e-01
1.692258426415658712e+09 2.906322479248046875e-04 3.618383407592773438e-02
1.692258432610901117e+09 6.217956542968750000e-04 8.048319816589355469e-02
1.692258438857093096e+09 4.503726959228515625e-04 5.320572853088378906e-02
1.692258444849876642e+09 2.017021179199218750e-04 9.860563278198242188e-02
1.692258451192295551e+09 4.844665527343750000e-04 1.006779670715332031e-01
1.692258457277082920e+09 4.355907440185546875e-04 4.615402221679687500e-02
1.692258463621710777e+09 8.857250213623046875e-04 4.220509529113769531e-02
1.692258469820941210e+09 2.191066741943359375e-04 7.098078727722167969e-02
1.692258475948229313e+09 1.797676086425781250e-04 3.650426864624023438e-02
1.692258482110524893e+09 3.959894180297851562e-03 8.664131164550781250e-02
1.692258488281080723e+09 3.378391265869140625e-04 3.885555267333984375e-02
1.692258494413868904e+09 7.312297821044921875e-04 5.726194381713867188e-02
1.692258500535086632e+09 7.989406585693359375e-04 4.645752906799316406e-02
1.692258506625404835e+09 5.397796630859375000e-04 1.024749279022216797e-01
1.692258512880374193e+09 2.346038818359375000e-04 6.344294548034667969e-02
1.692258519039929152e+09 3.418922424316406250e-04 8.076381683349609375e-02
1.692258525160467386e+09 5.633831024169921875e-04 4.117774963378906250e-02
1.692258531417762041e+09 5.958080291748046875e-04 1.088669300079345703e-01
1.692258537487978220e+09 3.037452697753906250e-04 4.602026939392089844e-02
1.692258543520995617e+09 9.567737579345703125e-04 4.134464263916015625e-02
1.692258549720333338e+09 5.927085876464843750e-04 1.132125854492187500e-01
1.692258555789902925e+09 1.890659332275390625e-04 6.323933601379394531e-02
1.692258562040760040e+09 1.759529113769531250e-04 4.136085510253906250e-02
1.692258568215530634e+09 1.740455627441406250e-04 6.021547317504882812e-02
1.692258574335337162e+09 5.154609680175781250e-04 4.202270507812500000e-02
1.692258580518207550e+09 5.247592926025390625e-04 4.548645019531250000e-02
1.692258586521413565e+09 1.892328262329101562e-03 8.721661567687988281e-02
1.692258592580563068e+09 3.842592239379882812e-03 6.677985191345214844e-02
