1.692267465461055994e+09 1.317977905273437500e-03 1.021668910980224609e-01
1.692267471677025557e+09 2.763271331787109375e-04 1.343853473663330078e-01
1.692267477894562006e+09 2.746582031250000000e-04 1.310195922851562500e-01
1.692267484301083565e+09 8.363723754882812500e-04 1.230142116546630859e-01
1.692267490290716410e+09 2.756118774414062500e-04 2.360854148864746094e-01
1.692267496296191454e+09 3.765106201171875000e-03 1.692168712615966797e-01
1.692267502634495735e+09 3.561973571777343750e-04 1.475982666015625000e-01
1.692267508815436840e+09 2.677440643310546875e-04 1.358237266540527344e-01
1.692267514995925188e+09 6.504058837890625000e-04 2.341430187225341797e-01
1.692267521397263288e+09 3.912448883056640625e-04 2.926645278930664062e-01
1.692267527654186487e+09 3.843307495117187500e-04 8.451271057128906250e-02
1.692267533849065304e+09 2.422332763671875000e-04 6.564259529113769531e-02
1.692267540031626463e+09 5.431175231933593750e-04 1.539690494537353516e-01
1.692267546243828297e+09 2.920627593994140625e-04 6.551408767700195312e-02
1.692267552225927591e+09 2.641677856445312500e-04 5.601930618286132812e-02
1.692267558427313089e+09 2.775192260742187500e-04 1.069393157958984375e-01
1.692267564666936636e+09 1.754283905029296875e-03 1.235561370849609375e-01
1.692267570894621372e+09 2.779960632324218750e-04 1.414506435394287109e-01
1.692267577002572775e+09 1.024484634399414062e-03 1.608157157897949219e-01
1.692267583223146439e+09 6.108283996582031250e-04 1.012194156646728516e-01
1.692267589276769400e+09 3.108978271484375000e-04 1.638839244842529297e-01
1.692267595524668694e+09 3.876686096191406250e-04 1.660523414611816406e-01
1.692267601827613831e+09 3.268718719482421875e-04 2.051639556884765625e-01
1.692267608265996456e+09 6.456375122070312500e-04 3.216032981872558594e-01
1.692267614889626026e+09 1.698732376098632812e-03 1.948888301849365234e-01
1.692267621167298317e+09 8.983612060546875000e-04 1.752784252166748047e-01
1.692267627551170826e+09 2.617835998535156250e-04 7.105493545532226562e-02
1.692267633731197119e+09 3.364086151123046875e-04 9.799599647521972656e-02
1.692267639759748220e+09 2.825260162353515625e-04 1.364042758941650391e-01
1.692267645696673155e+09 1.927852630615234375e-03 6.986880302429199219e-02
