1.692204199585990667e+09 6.928443908691406250e-04 8.712124824523925781e-02
1.692204205762964964e+09 2.405643463134765625e-04 1.345500946044921875e-01
1.692204211915246010e+09 2.689361572265625000e-04 1.127173900604248047e-01
1.692204218090047359e+09 7.855892181396484375e-04 1.344678401947021484e-01
1.692204224313133478e+09 8.039474487304687500e-04 2.020404338836669922e-01
1.692204230602001667e+09 2.591609954833984375e-04 9.827876091003417969e-02
1.692204236776205778e+09 2.491474151611328125e-04 1.185214519500732422e-01
1.692204242992421865e+09 2.501010894775390625e-04 8.807873725891113281e-02
1.692204249161100864e+09 4.854202270507812500e-04 1.859354972839355469e-01
1.692204255361809492e+09 4.439353942871093750e-04 7.228279113769531250e-02
1.692204261448474646e+09 1.355886459350585938e-03 6.039357185363769531e-02
1.692204267542949200e+09 2.663135528564453125e-04 1.542940139770507812e-01
1.692204273727719307e+09 2.815723419189453125e-04 1.317920684814453125e-01
1.692204279907799721e+09 3.340244293212890625e-04 1.229898929595947266e-01
1.692204286100166798e+09 2.655982971191406250e-04 8.421897888183593750e-02
1.692204292257698059e+09 2.567768096923828125e-04 1.054236888885498047e-01
1.692204298378601313e+09 2.400875091552734375e-04 1.486563682556152344e-01
1.692204304621136665e+09 1.039505004882812500e-03 1.391308307647705078e-01
1.692204310830011129e+09 1.616239547729492188e-03 1.413896083831787109e-01
1.692204317017574072e+09 2.486705780029296875e-04 1.432797908782958984e-01
1.692204323231732368e+09 2.527236938476562500e-04 1.124680042266845703e-01
1.692204329384812593e+09 5.624294281005859375e-04 1.580760478973388672e-01
1.692204335635043383e+09 2.681493759155273438e-03 8.055734634399414062e-02
1.692204341758306980e+09 2.909183502197265625e-03 1.617929935455322266e-01
1.692204347942313671e+09 5.834102630615234375e-04 1.835758686065673828e-01
1.692204354173845530e+09 2.417564392089843750e-04 1.599755287170410156e-01
1.692204360461609125e+09 8.239746093750000000e-04 7.825422286987304688e-02
1.692204366551470995e+09 5.042552947998046875e-04 6.330943107604980469e-02
1.692204372637739897e+09 3.407001495361328125e-04 1.242280006408691406e-01
1.692204378799057007e+09 2.620220184326171875e-04 1.104733943939208984e-01
