1.692215496974578142e+09 6.475448608398437500e-04 4.220986366271972656e-02
1.692215503111158371e+09 1.955032348632812500e-04 3.073239326477050781e-02
1.692215509194252729e+09 6.067752838134765625e-04 7.852339744567871094e-02
1.692215515373119593e+09 5.753040313720703125e-04 4.802560806274414062e-02
1.692215521513284206e+09 1.952648162841796875e-04 3.708148002624511719e-02
1.692215527603638172e+09 1.842975616455078125e-04 4.065036773681640625e-02
1.692215533704501629e+09 2.890825271606445312e-03 8.825159072875976562e-02
1.692215539866533041e+09 1.864433288574218750e-04 3.148865699768066406e-02
1.692215545995361328e+09 1.823902130126953125e-04 1.046996116638183594e-01
1.692215552175768137e+09 5.919933319091796875e-04 3.944349288940429688e-02
1.692215558306878567e+09 2.808570861816406250e-04 3.377246856689453125e-02
1.692215564398108482e+09 3.974199295043945312e-03 1.104345321655273438e-01
1.692215570581958771e+09 2.293586730957031250e-04 5.694031715393066406e-02
1.692215576722463608e+09 5.404949188232421875e-04 9.856772422790527344e-02
1.692215582871186495e+09 1.888275146484375000e-04 5.658435821533203125e-02
1.692215589037702084e+09 1.106739044189453125e-03 8.428478240966796875e-02
1.692215595158177853e+09 3.927469253540039062e-03 8.052921295166015625e-02
1.692215601251863241e+09 6.170272827148437500e-04 1.341583728790283203e-01
1.692215607403736591e+09 1.893043518066406250e-04 8.225941658020019531e-02
1.692215613549730778e+09 5.650520324707031250e-04 6.774973869323730469e-02
1.692215619637012720e+09 5.519390106201171875e-04 4.891109466552734375e-02
1.692215625718733072e+09 8.769035339355468750e-04 3.962111473083496094e-02
1.692215631806178093e+09 5.297660827636718750e-04 9.257578849792480469e-02
1.692215637962170124e+09 6.120204925537109375e-04 4.424262046813964844e-02
1.692215644013892174e+09 3.104209899902343750e-04 5.626440048217773438e-02
1.692215650121484041e+09 5.230903625488281250e-04 1.193699836730957031e-01
1.692215656295653582e+09 2.212524414062500000e-04 6.519389152526855469e-02
1.692215662435030460e+09 1.723766326904296875e-04 5.782485008239746094e-02
1.692215668526118279e+09 5.517005920410156250e-04 1.102252006530761719e-01
1.692215674699882984e+09 5.078315734863281250e-04 1.128740310668945312e-01
