1.692207039159621716e+09 5.223751068115234375e-04 1.034767627716064453e-01
1.692207045366137266e+09 4.065036773681640625e-04 1.281008720397949219e-01
1.692207051590333223e+09 2.605915069580078125e-04 9.378933906555175781e-02
1.692207057754315138e+09 2.615451812744140625e-04 1.178207397460937500e-01
1.692207063877280951e+09 2.651214599609375000e-04 2.020132541656494141e-01
1.692207070161571980e+09 2.474784851074218750e-04 1.264376640319824219e-01
1.692207076387551785e+09 2.579689025878906250e-04 8.672070503234863281e-02
1.692207082550102949e+09 2.706050872802734375e-04 9.833407402038574219e-02
1.692207088662822723e+09 3.654956817626953125e-04 1.749975681304931641e-01
1.692207094944074154e+09 4.279613494873046875e-04 8.037304878234863281e-02
1.692207101041585207e+09 3.473758697509765625e-04 1.090953350067138672e-01
1.692207107169177771e+09 2.291202545166015625e-04 1.054835319519042969e-01
1.692207113369208336e+09 2.396106719970703125e-04 3.699853420257568359e-01
1.692207119829763174e+09 2.253055572509765625e-04 5.067563056945800781e-02
1.692207125912614107e+09 6.570816040039062500e-04 8.963465690612792969e-02
1.692207132055721760e+09 2.338886260986328125e-04 4.615116119384765625e-02
1.692207138127253294e+09 2.303123474121093750e-04 1.015682220458984375e-01
1.692207144261162996e+09 2.458095550537109375e-04 1.294357776641845703e-01
1.692207150490396500e+09 2.453327178955078125e-04 1.088418960571289062e-01
1.692207156668216944e+09 2.534389495849609375e-04 1.405584812164306641e-01
1.692207162909408569e+09 1.615047454833984375e-03 1.055366992950439453e-01
1.692207169069642067e+09 2.470016479492187500e-04 1.119832992553710938e-01
1.692207175277966022e+09 3.335475921630859375e-04 9.350633621215820312e-02
1.692207181464792013e+09 3.411769866943359375e-04 1.083447933197021484e-01
1.692207187671526670e+09 2.346038818359375000e-04 1.632432937622070312e-01
1.692207193928246498e+09 2.224445343017578125e-04 1.417255401611328125e-01
1.692207200101354122e+09 2.908706665039062500e-04 5.243968963623046875e-02
1.692207206213020802e+09 2.927780151367187500e-04 8.340740203857421875e-02
1.692207212344934464e+09 2.369880676269531250e-04 4.636645317077636719e-02
1.692207218406003237e+09 3.473758697509765625e-04 7.265138626098632812e-02
