1.692271972767812490e+09 6.842613220214843750e-04 4.624533653259277344e-02
1.692271979011959314e+09 9.324550628662109375e-04 4.162383079528808594e-02
1.692271985009378910e+09 5.645751953125000000e-04 4.470133781433105469e-02
1.692271991110438347e+09 3.128051757812500000e-04 4.904937744140625000e-02
1.692271997212384701e+09 6.136894226074218750e-04 8.395433425903320312e-02
1.692272003357628345e+09 2.140998840332031250e-04 1.064231395721435547e-01
1.692272009470731735e+09 5.409717559814453125e-04 1.078004837036132812e-01
1.692272015773386955e+09 5.390644073486328125e-04 1.130216121673583984e-01
1.692272022078817368e+09 5.671977996826171875e-04 1.014988422393798828e-01
1.692272028167125702e+09 5.352497100830078125e-04 4.266452789306640625e-02
1.692272034208195210e+09 5.383491516113281250e-04 1.096773147583007812e-01
1.692272040475777149e+09 5.218982696533203125e-04 4.578185081481933594e-02
1.692272046511616230e+09 5.595684051513671875e-04 5.134820938110351562e-02
1.692272052517108202e+09 5.042552947998046875e-04 1.073329448699951172e-01
1.692272058779416084e+09 5.350112915039062500e-04 4.870939254760742188e-02
1.692272065013866901e+09 2.317428588867187500e-04 6.434488296508789062e-02
1.692272071129146338e+09 1.850128173828125000e-04 3.463363647460937500e-02
1.692272077297345877e+09 4.990100860595703125e-04 5.609512329101562500e-02
1.692272083321657181e+09 5.013942718505859375e-04 4.700303077697753906e-02
1.692272089212562561e+09 1.866817474365234375e-04 4.771018028259277344e-02
1.692272095311181784e+09 2.188682556152343750e-04 8.604502677917480469e-02
1.692272101474855185e+09 2.218961715698242188e-03 8.529877662658691406e-02
1.692272107577281952e+09 8.974075317382812500e-04 4.625487327575683594e-02
1.692272113614700794e+09 3.557205200195312500e-04 3.719496726989746094e-02
1.692272119701955795e+09 4.692077636718750000e-04 1.122050285339355469e-01
1.692272125890438318e+09 4.599094390869140625e-04 1.104497909545898438e-01
1.692272132075610638e+09 8.492469787597656250e-04 4.975414276123046875e-02
1.692272138317708015e+09 5.450248718261718750e-04 9.981250762939453125e-02
1.692272144380580425e+09 1.709461212158203125e-04 3.616452217102050781e-02
1.692272150599678516e+09 2.911090850830078125e-04 9.269046783447265625e-02
