1.692269135246792555e+09 6.482601165771484375e-04 4.650473594665527344e-02
1.692269141481646061e+09 2.853870391845703125e-04 5.396723747253417969e-02
1.692269147390604019e+09 1.955032348632812500e-04 9.165978431701660156e-02
1.692269153539904594e+09 3.249645233154296875e-04 7.147264480590820312e-02
1.692269159906055450e+09 3.960132598876953125e-04 4.534792900085449219e-02
1.692269166080045700e+09 6.580352783203125000e-04 5.879497528076171875e-02
1.692269172294342995e+09 6.570816040039062500e-04 5.964350700378417969e-02
1.692269178495095730e+09 2.012252807617187500e-04 4.925155639648437500e-02
1.692269184582596302e+09 5.001544952392578125e-03 9.555721282958984375e-02
1.692269190747090816e+09 3.511905670166015625e-04 5.489993095397949219e-02
1.692269196890084028e+09 5.607604980468750000e-04 5.100321769714355469e-02
1.692269203086441517e+09 5.517005920410156250e-04 7.891249656677246094e-02
1.692269209114366770e+09 6.623268127441406250e-04 4.718089103698730469e-02
1.692269215182809114e+09 2.932548522949218750e-04 8.193993568420410156e-02
1.692269221315016747e+09 5.335807800292968750e-04 5.145859718322753906e-02
1.692269227486923933e+09 7.855892181396484375e-04 4.451084136962890625e-02
1.692269233582105637e+09 7.023811340332031250e-04 9.148049354553222656e-02
1.692269239643100500e+09 3.914833068847656250e-04 4.392695426940917969e-02
1.692269245777499199e+09 2.334117889404296875e-04 4.360628128051757812e-02
1.692269251882033587e+09 2.326965332031250000e-04 4.265451431274414062e-02
1.692269257975987434e+09 6.833076477050781250e-04 5.247783660888671875e-02
1.692269264188096285e+09 4.590988159179687500e-03 8.285856246948242188e-02
1.692269270432910681e+09 2.403259277343750000e-04 4.923582077026367188e-02
1.692269276582629204e+09 6.416082382202148438e-03 8.822989463806152344e-02
1.692269282930614948e+09 6.387233734130859375e-04 1.085965633392333984e-01
1.692269289044832230e+09 3.099441528320312500e-03 7.156968116760253906e-02
1.692269295014196873e+09 5.567073822021484375e-04 4.735589027404785156e-02
1.692269301283037186e+09 5.390644073486328125e-04 4.875826835632324219e-02
1.692269307384576559e+09 3.061294555664062500e-04 4.232740402221679688e-02
1.692269313477706194e+09 5.435943603515625000e-04 5.112147331237792969e-02
