1.692206092646047831e+09 3.066062927246093750e-04 1.195454597473144531e-01
1.692206098871520281e+09 9.055137634277343750e-04 2.396512031555175781e-01
1.692206105192723751e+09 2.560615539550781250e-04 1.189725399017333984e-01
1.692206111366672277e+09 2.310276031494140625e-03 1.591484546661376953e-01
1.692206117613116264e+09 2.436637878417968750e-04 1.203558444976806641e-01
1.692206123774262428e+09 1.111984252929687500e-03 9.493088722229003906e-02
1.692206129944313288e+09 2.377033233642578125e-04 5.867433547973632812e-02
1.692206136009947300e+09 3.736019134521484375e-04 1.139645576477050781e-01
1.692206142163353443e+09 2.918243408203125000e-04 1.688306331634521484e-01
1.692206148417194366e+09 2.322196960449218750e-04 2.111828327178955078e-01
1.692206154658300638e+09 8.587837219238281250e-04 1.088325977325439453e-01
1.692206160865899801e+09 7.505416870117187500e-04 1.132259368896484375e-01
1.692206167063678741e+09 2.255439758300781250e-04 1.761682033538818359e-01
1.692206173335979462e+09 2.524852752685546875e-04 1.332178115844726562e-01
1.692206179488669872e+09 3.800392150878906250e-04 1.216053962707519531e-01
1.692206185669068813e+09 3.573894500732421875e-04 1.160545349121093750e-01
1.692206191863387108e+09 9.756088256835937500e-04 9.675240516662597656e-02
1.692206198049888372e+09 3.759860992431640625e-04 5.515623092651367188e-02
1.692206204202271700e+09 2.737045288085937500e-04 1.245167255401611328e-01
1.692206210376967669e+09 2.319812774658203125e-04 1.158084869384765625e-01
1.692206216564351797e+09 1.401448249816894531e-02 1.138660907745361328e-01
1.692206222773957968e+09 4.496574401855468750e-04 1.127958297729492188e-01
1.692206228960355520e+09 2.543926239013671875e-04 9.462022781372070312e-02
1.692206235141874790e+09 8.239746093750000000e-04 1.433961391448974609e-01
1.692206241297263861e+09 2.760887145996093750e-04 5.525708198547363281e-02
1.692206247402205706e+09 7.674694061279296875e-04 1.612262725830078125e-01
1.692206253620287180e+09 3.168582916259765625e-04 1.061000823974609375e-01
1.692206259753935099e+09 2.453327178955078125e-04 1.175048351287841797e-01
1.692206265964251041e+09 1.009941101074218750e-03 7.046985626220703125e-02
1.692206272118513346e+09 3.666877746582031250e-04 1.274354457855224609e-01
